The partial sums transform of a sequence b(n) is the sequence c(n) with c(i) equal to the sum of the first i elements of b(n).


Let a_0(n) be the sequence [1, 0, 0, 0, 0, 0, 0, ...] and a_k(n) be the kth partial sums transform of a_0(n).


a_1(n): the partial sums transform of a_0(n)

1, 1, 1, 1, 1, 1, 1, 1, 1, 1, ...


a_2(n): the Natural numbers and the partial sums transform of a_1(n) and 2nd partial sums transform of a_0(n)

1, 2, 3, 4, 5, 6, 7, 8, 9, 10, 11, 12, 13, 14, 15, 16, 17, 18, 19, 20, ...

a_2(n) % 2 alternates 1, 0, 1, 0, 1, ...


a_3(n): the Triangular numbers and the 3rd partial sums transform of a_0(n)

1, 3, 6, 10, 15, 21, 28, 36, 45, 55, 66, 78, 91, 105, 120, 136, 153, 171, 190, 210, ...

a_3(n) % 3; period = 3

1, 0, 0, 1, 0, 0, 1, 0, 0, 1, 0, 0, 1, 0, 0, 1, 0, 0, 1, 0


a_4(n): the Tetrahedral numbers and the 4th partial sums transform of a_0(n)

1, 4, 10, 20, 35, 56, 84, 120, 165, 220, 286, 364, 455, 560, 680, 816, 969, 1140, 1330, 1540, 1771, 2024, 2300, 2600, 2925, 
3276, 3654, 4060, 4495, 4960, 5456, 5984, 6545, 7140, 7770, 8436, 9139, 9880, 10660, 11480, ...

a_4(n) % 4; period = 8

1, 0, 2, 0, 3, 0, 0, 0,
1, 0, 2, 0, 3, 0, 0, 0,
1, 0, 2, 0, 3, 0, 0, 0,
1, 0, 2, 0, 3, 0, 0, 0,
1, 0, 2, 0, 3, 0, 0, 0

a_4(n) % 2; period = 4

1, 0, 0, 0,
1, 0, 0, 0,
1, 0, 0, 0,
1, 0, 0, 0,
1, 0, 0, 0,
1, 0, 0, 0,
1, 0, 0, 0,
1, 0, 0, 0,
1, 0, 0, 0,
1, 0, 0, 0


a_5(n): the Pentatope numbers and the 5th partial sums transform of a_0(n)

1, 5, 15, 35, 70, 126, 210, 330, 495, 715, 1001, 1365, 1820, 2380, 3060, 3876, 4845, 5985, 7315, 8855, 10626, 12650, 14950, 17550, 
20475, 23751, 27405, 31465, 35960, 40920, 46376, 52360, 58905, 66045, 73815, 82251, 91390, 101270, 111930, 123410, ...

a_5(n) % 2; period = 8

1, 1, 1, 1, 0, 0, 0, 0,
1, 1, 1, 1, 0, 0, 0, 0,
1, 1, 1, 1, 0, 0, 0, 0,
1, 1, 1, 1, 0, 0, 0, 0,
1, 1, 1, 1, 0, 0, 0, 0

a_5(n) % 3; period = 9

1, 2, 0, 2, 1, 0, 0, 0, 0,
1, 2, 0, 2, 1, 0, 0, 0, 0,
1, 2, 0, 2, 1, 0, 0, 0, 0,
1, 2, 0, 2, 1, 0, 0, 0, 0,
1, 2, 0, 2

a_5(n) % 4; period = 16

1, 1, 3, 3, 2, 2, 2, 2, 3, 3, 1, 1, 0, 0, 0, 0,
1, 1, 3, 3, 2, 2, 2, 2, 3, 3, 1, 1, 0, 0, 0, 0,
1, 1, 3, 3, 2, 2, 2, 2

a_5(n) % 5; period = 5

1, 0, 0, 0, 0,
1, 0, 0, 0, 0,
1, 0, 0, 0, 0,
1, 0, 0, 0, 0,
1, 0, 0, 0, 0,
1, 0, 0, 0, 0,
1, 0, 0, 0, 0,
1, 0, 0, 0, 0

a_5(n) % 7; period = 7

1, 5, 1, 0, 0, 0, 0,
1, 5, 1, 0, 0, 0, 0,
1, 5, 1, 0, 0, 0, 0,
1, 5, 1, 0, 0, 0, 0,
1, 5, 1, 0, 0, 0, 0,
1, 5, 1, 0, 0

**** CONJECTURES ****

The residues mod j of the a_k(n) sequences (as defined here) form a periodic cycle for all natural numbers j & k.

The period of (a_k(n) % j) is a power of j if j is prime and is the product of the periods of the prime factors of j (??) if j is not prime.

The last (k-1) members of each period of the residues mod j of the sequence a_k(n) are 0 for all natural numbers j & k.

*********************


a_6(n): the 5-simplex numbers and the 6th partial sums transform of a_0(n)

1, 6, 21, 56, 126, 252, 462, 792, 1287, 2002, 3003, 4368, 6188, 8568, 11628, 15504, 20349, 26334, 33649, 42504, 53130, 65780, 80730, 98280, 118755, 142506, 169911, 201376, 237336, 278256, 324632, 376992, 435897,
501942, 575757, 658008, 749398, 850668, 962598, 1086008, 1221759, 1370754, 1533939, 1712304, 1906884, 2118760, 2349060, 2598960, 2869685, 3162510, 3478761, 3819816, 4187106, 4582116, 5006386, 5461512, 5949147,
6471002, 7028847, 7624512, 8259888, 8936928, 9657648, 10424128, 11238513, 12103014, 13019909, 13991544, 15020334, 16108764, 17259390, 18474840, 19757815, 21111090, 22537515, 24040016, 25621596, 27285336, 29034396,
30872016, 32801517, 34826302, 36949857, 39175752, 41507642, 43949268, 46504458, 49177128, 51971283, 54891018, 57940519, 61124064, 64446024, 67910864, 71523144, 75287520, 79208745, 83291670, 87541245, 91962520, ...

a_6(n) % 2; period = 8

1, 0, 1, 0, 0, 0, 0, 0,
1, 0, 1, 0, 0, 0, 0, 0,
1, 0, 1, 0, 0, 0, 0, 0,
1, 0, 1, 0, 0, 0, 0, 0,
1, 0, 1, 0, 0, 0, 0, 0,
1, 0, 1, 0, 0, 0, 0, 0,
1, 0, 1, 0, 0, 0, 0, 0,
1, 0, 1, 0, 0, 0, 0, 0,
1, 0, 1, 0, 0, 0, 0, 0,
1, 0, 1, 0, 0, 0, 0, 0,
1, 0, 1, 0, 0, 0, 0, 0,
1, 0, 1, 0, 0, 0, 0, 0,
1, 0, 1, 0, 0, 0, 0, 0,
1, 0, 1, 0, 0, 0, 0, 0,
1, 0, 1, 0, 0, 0, 0, 0,
1, 0, 1, 0, 0, 0, 0, 0,
1, 0, 1, 0, 0, 0, 0, 0,
1, 0, 1, 0, 0, 0, 0, 0,
1, 0, 1, 0, 0, 0, 0, 0,
1, 0, 1, 0, 0, 0, 0, 0,
1, 0, 1, 0, 0, 0, 0, 0,
1, 0, 1, 0, 0, 0, 0, 0,
1, 0, 1, 0, 0, 0, 0, 0,
1, 0, 1, 0, 0, 0, 0, 0,
1, 0, 1, 0, 0, 0, 0, 0,
1, 0, 1, 0, 0, 0, 0, 0,
1, 0, 1, 0, 0, 0, 0, 0,
1, 0, 1, 0, 0, 0, 0, 0,
1, 0, 1, 0, 0, 0, 0, 0,
1, 0, 1, 0, 0, 0, 0, 0,
1, 0, 1, 0, 0, 0, 0, 0,
1, 0, 1, 0, 0, 0, 0, 0,
1, 0, 1, 0, 0, 0, 0, 0,
1, 0, 1, 0, 0, 0, 0, 0,
1, 0, 1, 0, 0, 0, 0, 0,
1, 0, 1, 0, 0, 0, 0, 0,


a_6(n) % 3; period = 9

1, 0, 0, 2, 0, 0, 0, 0, 0,
1, 0, 0, 2, 0, 0, 0, 0, 0,
1, 0, 0, 2, 0, 0, 0, 0, 0,
1, 0, 0, 2, 0, 0, 0, 0, 0,
1, 0, 0, 2, 0, 0, 0, 0, 0,
1, 0, 0, 2, 0, 0, 0, 0, 0,
1, 0, 0, 2, 0, 0, 0, 0, 0,
1, 0, 0, 2, 0, 0, 0, 0, 0,
1, 0, 0, 2, 0, 0, 0, 0, 0,
1, 0, 0, 2, 0, 0, 0, 0, 0,
1, 0, 0, 2, 0, 0, 0, 0, 0,
1, 0, 0, 2, 0, 0, 0, 0, 0,
1, 0, 0, 2, 0, 0, 0, 0, 0,
1, 0, 0, 2, 0, 0, 0, 0, 0,
1, 0, 0, 2, 0, 0, 0, 0, 0,
1, 0, 0, 2, 0, 0, 0, 0, 0,
1, 0, 0, 2, 0, 0, 0, 0, 0,
1, 0, 0, 2, 0, 0, 0, 0, 0,
1, 0, 0, 2, 0, 0, 0, 0, 0,
1, 0, 0, 2, 0, 0, 0, 0, 0,
1, 0, 0, 2, 0, 0, 0, 0, 0,
1, 0, 0, 2, 0, 0, 0, 0, 0,
1, 0, 0, 2, 0, 0, 0, 0, 0,
1, 0, 0, 2, 0, 0, 0, 0, 0,
1, 0, 0, 2, 0, 0, 0, 0, 0,
1, 0, 0, 2, 0, 0, 0, 0, 0,
1, 0, 0, 2, 0, 0, 0, 0, 0,
1, 0, 0, 2, 0, 0, 0, 0, 0,
1, 0, 0, 2, 0, 0, 0, 0, 0,
1, 0, 0, 2, 0, 0, 0, 0, 0,
1, 0, 0, 2, 0, 0, 0, 0, 0,
1, 0, 0, 2, 0, 0, 0, 0, 0,


a_6(n) % 4; period = 16

1, 2, 1, 0, 2, 0, 2, 0, 3, 2, 3, 0, 0, 0, 0, 0,
1, 2, 1, 0, 2, 0, 2, 0, 3, 2, 3, 0, 0, 0, 0, 0,
1, 2, 1, 0, 2, 0, 2, 0, 3, 2, 3, 0, 0, 0, 0, 0,
1, 2, 1, 0, 2, 0, 2, 0, 3, 2, 3, 0, 0, 0, 0, 0,
1, 2, 1, 0, 2, 0, 2, 0, 3, 2, 3, 0, 0, 0, 0, 0,
1, 2, 1, 0, 2, 0, 2, 0, 3, 2, 3, 0, 0, 0, 0, 0,
1, 2, 1, 0, 2, 0, 2, 0, 3, 2, 3, 0, 0, 0, 0, 0,
1, 2, 1, 0, 2, 0, 2, 0, 3, 2, 3, 0, 0, 0, 0, 0,
1, 2, 1, 0, 2, 0, 2, 0, 3, 2, 3, 0, 0, 0, 0, 0,
1, 2, 1, 0, 2, 0, 2, 0, 3, 2, 3, 0, 0, 0, 0, 0,
1, 2, 1, 0, 2, 0, 2, 0, 3, 2, 3, 0, 0, 0, 0, 0,
1, 2, 1, 0, 2, 0, 2, 0, 3, 2, 3, 0, 0, 0, 0, 0,
1, 2, 1, 0, 2, 0, 2, 0, 3, 2, 3, 0, 0, 0, 0, 0,
1, 2, 1, 0, 2, 0, 2, 0, 3, 2, 3, 0, 0, 0, 0, 0,
1, 2, 1, 0, 2, 0, 2, 0, 3, 2, 3, 0, 0, 0, 0, 0,
1, 2, 1, 0, 2, 0, 2, 0, 3, 2, 3, 0, 0, 0, 0, 0,
1, 2, 1, 0, 2, 0, 2, 0, 3, 2, 3, 0, 0, 0, 0, 0,
1, 2, 1, 0, 2, 0, 2, 0, 3, 2, 3, 0, 0, 0, 0, 0,


a_6(n) % 5; period = 25

1, 1, 1, 1, 1, 2, 2, 2, 2, 2, 3, 3, 3, 3, 3, 4, 4, 4, 4, 4, 0, 0, 0, 0, 0,
1, 1, 1, 1, 1, 2, 2, 2, 2, 2, 3, 3, 3, 3, 3, 4, 4, 4, 4, 4, 0, 0, 0, 0, 0,
1, 1, 1, 1, 1, 2, 2, 2, 2, 2, 3, 3, 3, 3, 3, 4, 4, 4, 4, 4, 0, 0, 0, 0, 0,
1, 1, 1, 1, 1, 2, 2, 2, 2, 2, 3, 3, 3, 3, 3, 4, 4, 4, 4, 4, 0, 0, 0, 0, 0,
1, 1, 1, 1, 1, 2, 2, 2, 2, 2, 3, 3, 3, 3, 3, 4, 4, 4, 4, 4, 0, 0, 0, 0, 0,
1, 1, 1, 1, 1, 2, 2, 2, 2, 2, 3, 3, 3, 3, 3, 4, 4, 4, 4, 4, 0, 0, 0, 0, 0,
1, 1, 1, 1, 1, 2, 2, 2, 2, 2, 3, 3, 3, 3, 3, 4, 4, 4, 4, 4, 0, 0, 0, 0, 0,
1, 1, 1, 1, 1, 2, 2, 2, 2, 2, 3, 3, 3, 3, 3, 4, 4, 4, 4, 4, 0, 0, 0, 0, 0,
1, 1, 1, 1, 1, 2, 2, 2, 2, 2, 3, 3, 3, 3, 3, 4, 4, 4, 4, 4, 0, 0, 0, 0, 0,
1, 1, 1, 1, 1, 2, 2, 2, 2, 2, 3, 3, 3, 3, 3, 4, 4, 4, 4, 4, 0, 0, 0, 0, 0,
1, 1, 1, 1, 1, 2, 2, 2, 2, 2, 3, 3, 3, 3, 3, 4, 4, 4, 4, 4, 0, 0, 0, 0, 0,
1, 1, 1, 1, 1, 2, 2, 2, 2, 2, 3, 3, 3, 

a_6(n) % 6; period = 72 (= 8*9)

1, 0, 3, 2, 0, 0, 0, 0, 3, 4, 3, 0, 2, 0, 0, 0, 3, 0, 1, 0, 0, 2, 0, 0, 3, 0, 3, 4, 0, 0, 2, 0, 3, 0, 3, 0, 4, 0, 0, 2, 3, 0, 3, 0, 0, 4, 0, 0, 5, 0, 3, 0, 0, 0, 4, 0, 3, 2, 3, 0, 0, 0, 0, 4, 3, 0, 5, 0, 0, 0, 0, 0,
1, 0, 3, 2, 0, 0, 0, 0, 3, 4, 3, 0, 2, 0, 0, 0, 3, 0, 1, 0, 0, 2, 0, 0, 3, 0, 3, 4, 0, 0, 2, 0, 3, 0, 3, 0, 4, 0, 0, 2, 3, 0, 3, 0, 0, 4, 0, 0, 5, 0, 3, 0, 0, 0, 4, 0, 3, 2, 3, 0, 0, 0, 0, 4, 3, 0, 5, 0, 0, 0, 0, 0,
1, 0, 3, 2, 0, 0, 0, 0, 3, 4, 3, 0, 2, 0, 0, 0, 3, 0, 1, 0, 0, 2, 0, 0, 3, 0, 3, 4, 0, 0, 2, 0, 3, 0, 3, 0, 4, 0, 0, 2, 3, 0, 3, 0, 0, 4, 0, 0, 5, 0, 3, 0, 0, 0, 4, 0, 3, 2, 3, 0, 0, 0, 0, 4, 3, 0, 5, 0, 0, 0, 0, 0,
1, 0, 3, 2, 0, 0, 0, 0, 3, 4, 3, 0, 2, 0, 0, 0, 3, 0, 1, 0, 0, 2, 0, 0, 3, 0, 3, 4, 0, 0, 2, 0, 3, 0, 3, 0, 4, 0, 0, 2, 3, 0, 3, 0, 0, 4, 0, 0, 5, 0, 3, 0, 0, 0, 4, 0, 3, 2, 3, 0, 0, 0, 0, 4, 3, 0, 5, 0, 0, 0, 0, 0,


a_6(n) % 7; period = 7

1, 6, 0, 0, 0, 0, 0,
1, 6, 0, 0, 0, 0, 0,
1, 6, 0, 0, 0, 0, 0,
1, 6, 0, 0, 0, 0, 0,
1, 6, 0, 0, 0, 0, 0,
1, 6, 0, 0, 0, 0, 0,
1, 6, 0, 0, 0, 0, 0,
1, 6, 0, 0, 0, 0, 0,
1, 6, 0, 0, 0, 0, 0,
1, 6, 0, 0, 0, 0, 0,
1, 6, 0, 0, 0, 0, 0,
1, 6, 0, 0, 0, 0, 0,
1, 6, 0, 0, 0, 0, 0,
1, 6, 0, 0, 0, 0, 0,
1, 6, 0, 0, 0, 0, 0,
1, 6, 0, 0, 0, 0, 0,
1, 6, 0, 0, 0, 0, 0,
1, 6, 0, 0, 0, 0, 0,
1, 6, 0, 0, 0, 0, 0,
1, 6, 0, 0, 0, 0, 0,
1, 6, 0, 0, 0, 0, 0,
1, 6, 0, 0, 0, 0, 0,
1, 6, 0, 0, 0, 0, 0,
1, 6, 0, 0, 0, 0, 0,
1, 6, 0, 0, 0, 0, 0,
1, 6, 0, 0, 0, 0, 0,
1, 6, 0, 0, 0, 0, 0,
1, 6, 0, 0, 0, 0, 0,
1, 6, 0, 0, 0, 0, 0,
1, 6, 0, 0, 0, 0, 0,
1, 6, 0, 0, 0, 0, 0,
1, 6, 0, 0, 0, 0, 0,
1, 6, 0, 0, 0, 0, 0,
1, 6, 0, 0, 0, 0, 0,
1, 6, 0, 0, 0, 0, 0,
1, 6, 0, 0, 0, 0, 0,
1, 6, 0, 0, 0, 0, 0,
1, 6, 0, 0, 0, 0, 0,
1, 6, 0, 0, 0, 0, 0,
1, 6, 0, 0, 0, 0, 0,
1, 6, 0, 0, 0, 0, 0,
1,

a_6(n) % 8; period = 32

1, 6, 5, 0, 6, 4, 6, 0, 7, 2, 3, 0, 4, 0, 4, 0, 5, 6, 1, 0, 2, 4, 2, 0, 3, 2, 7, 0, 0, 0, 0, 0,
1, 6, 5, 0, 6, 4, 6, 0, 7, 2, 3, 0, 4, 0, 4, 0, 5, 6, 1, 0, 2, 4, 2, 0, 3, 2, 7, 0, 0, 0, 0, 0,
1, 6, 5, 0, 6, 4, 6, 0, 7, 2, 3, 0, 4, 0, 4, 0, 5, 6, 1, 0, 2, 4, 2, 0, 3, 2, 7, 0, 0, 0, 0, 0,
1, 6, 5, 0, 6, 4, 6, 0, 7, 2, 3, 0, 4, 0, 4, 0, 5, 6, 1, 0, 2, 4, 2, 0, 3, 2, 7, 0, 0, 0, 0, 0,
1, 6, 5, 0, 6, 4, 6, 0, 7, 2, 3, 0, 4, 0, 4, 0, 5, 6, 1, 0, 2, 4, 2, 0, 3, 2, 7, 0, 0, 0, 0, 0,
1, 6, 5, 0, 6, 4, 6, 0, 7, 2, 3, 0, 4, 0, 4, 0, 5, 6, 1, 0, 2, 4, 2, 0, 3, 2, 7, 0, 0, 0, 0, 0,
1, 6, 5, 0, 6, 4, 6, 0, 7, 2, 3, 0, 4, 0, 4, 0, 5, 6, 1, 0, 2, 4, 2, 0, 3, 2, 7, 0, 0, 0, 0, 0,
1, 6, 5, 0, 6, 4, 6, 0, 7, 2, 3, 0, 4, 0, 4, 0, 5, 6, 1, 0, 2, 4, 2, 0, 3, 2, 7, 0, 0, 0, 0, 0,
1, 6, 5, 0, 6, 4, 6, 0, 7, 2, 3, 0, 4, 0, 4, 0, 5, 6, 1, 0, 2, 4, 2, 0, 3, 2, 7, 0, 0, 0, 0, 0,


a_6(n) % 9; period = 27

1, 6, 3, 2, 0, 0, 3, 0, 0, 4, 6, 3, 5, 0, 0, 6, 0, 0, 7, 6, 3, 8, 0, 0, 0, 0, 0,
1, 6, 3, 2, 0, 0, 3, 0, 0, 4, 6, 3, 5, 0, 0, 6, 0, 0, 7, 6, 3, 8, 0, 0, 0, 0, 0,
1, 6, 3, 2, 0, 0, 3, 0, 0, 4, 6, 3, 5, 0, 0, 6, 0, 0, 7, 6, 3, 8, 0, 0, 0, 0, 0,
1, 6, 3, 2, 0, 0, 3, 0, 0, 4, 6, 3, 5, 0, 0, 6, 0, 0, 7, 6, 3, 8, 0, 0, 0, 0, 0,
1, 6, 3, 2, 0, 0, 3, 0, 0, 4, 6, 3, 5, 0, 0, 6, 0, 0, 7, 6, 3, 8, 0, 0, 0, 0, 0,
1, 6, 3, 2, 0, 0, 3, 0, 0, 4, 6, 3, 5, 0, 0, 6, 0, 0, 7, 6, 3, 8, 0, 0, 0, 0, 0,
1, 6, 3, 2, 0, 0, 3, 0, 0, 4, 6, 3, 5, 0, 0, 6, 0, 0, 7, 6, 3, 8, 0, 0, 0, 0, 0,
1, 6, 3, 2, 0, 0, 3, 0, 0, 4, 6, 3, 5, 0, 0, 6, 0, 0, 7, 6, 3, 8, 0, 0, 0, 0, 0,
1, 6, 3, 2, 0, 0, 3, 0, 0, 4, 6, 3, 5, 0, 0, 6, 0, 0, 7, 6, 3, 8, 0, 0, 0, 0, 0,
1, 6, 3, 2, 0, 0, 3, 0, 0, 4, 6, 3, 5, 0, 0, 6, 0, 0, 7, 6, 3, 8, 0, 0, 0, 0, 0,
1, 6, 3, 2, 0, 0, 3, 0, 0, 4, 6, 3, 5, 0, 0, 6, 0, 0, 

a_6(n) % 10; period = 200 ? (= 8*25)

1, 6, 1, 6, 6, 2, 2, 2, 7, 2, 3, 8, 8, 8, 8, 4, 9, 4, 9, 4, 0, 0, 0, 0, 5, 6, 1, 6, 6, 6, 2, 2, 7, 2, 7, 8, 8, 8, 8, 8, 9, 4, 9, 4, 4, 0, 0, 0, 5, 0, 1, 6, 6, 6, 6, 2, 7, 2, 7, 2, 8, 8, 8, 8, 3, 4, 9, 4, 4, 4, 0, 0, 5, 0, 5, 6, 6, 6, 6, 6, 7, 2, 7, 2, 2, 8, 8, 8, 3, 8, 9, 4, 4, 4, 4, 0, 5, 0, 5, 0, 6, 6, 6, 6, 1, 2, 7, 2, 2, 2, 8, 8, 3, 8, 3, 4, 4, 4, 4, 4, 5, 0, 5, 0, 0, 6, 6, 6, 1, 6, 7, 2, 2, 2, 2, 8, 3, 8, 3, 8, 4, 4, 4, 4, 9, 0, 5, 0, 0, 0, 6, 6, 1, 6, 1, 2, 2, 2, 2, 2, 3, 8, 3, 8, 8, 4, 4, 4, 9, 4, 5, 0, 0, 0, 0, 6, 1, 6, 1, 6, 2, 2, 2, 2, 7, 8, 3, 8, 8, 8, 4, 4, 9, 4, 9, 0, 0, 0, 0, 0,
1, 6, 1, 6, 6, 2, 2, 2, 7, 2, 3, 8, 8, 8, 8, 4, 9, 4, 9, 4, 0, 0, 0, 0, 5, 6, 1, 6, 6, 6, 2, 2, 7, 2, 7, 8, 8, 8, 8, 8, 9, 4, 9, 4, 4, 0, 0, 0, 5, 0, 1, 6, 6, 6, 6, 2, 7, 2, 7, 2, 8, 8, 8, 8, 3, 4, 9, 4, 4, 4, 0, 0, 5, 0, 5, 6, 6, 6, 6, 6, 7, 2, 7, 2, 2, 8, 8, 8, 3, 8, 9, 4, 4, 4, 4, 0, 5, 0, 5, 0, 6, 6, 6, 6, 1, 2, 7, 2, 2, 2, 8, 8, 3, 8, 3, 4, 4, 4, 4, 4, 5, 0, 5, 0, 0, 6, 6, 6, 1, 6, 7, 2, 2, 2, 2, 8, 3, 8, 3, 8, 4, 4, 4, 4, 9, 0, 5, 0, 0, 0, 6, 6, 1, 6, 1, 2, 2, 2, 2, 2, 3, 8, 3, 8, 8, 4, 4, 4, 9, 4, 5, 0, 0, 0, 0, 6, 1, 6, 1, 6, 2, 2, 2, 2, 7, 8, 3, 8, 8, 8, 4, 4, 9, 4, 9, 0, 0, 0, 0, 0,
1, 6, 1, 6, 6, 2, 2, 2, 7, 2, 3, 8, 8, 8, 8, 4, 9, 4, 9, 4, 0, 0, 0, 0, 5, 6, 1, 6, 6, 6, 2, 2, 7, 2, 7, 8, 8, 8, 8, 8, 9, 4, 9, 4, 4, 0, 0, 0, 5, 0, 1, 6, 6, 6, 6, 2, 7, 2, 7, 2, 8, 8, 8, 8, 3, 4, 9, 4, 4, 4, 0, 0, 5, 0, 5, 6, 6, 6, 6, 6, 7, 2, 7, 2, 2, 8, 8, 8, 3, 8, 9, 4, 4, 4, 4, 0, 5, 0, 5, 0, 6, 6, 6, 6, 1, 2, 7, 2, 2, 2, 8, 8, 3, 8, 3, 4, 4, 4, 4, 4, 5, 0, 5, 0, 0, 6, 6, 6, 1, 6, 7, 2, 2, 2, 2, 8, 3, 8, 3, 8, 4, 4, 4, 4, 9, 0, 5, 0, 0, 0, 6, 6, 1, 6, 1, 2, 2, 2, 2, 2, 3, 8, 3, 8, 8, 4, 4, 4, 9, 4, 5, 0, 0, 0, 0, 6, 1, 6, 1, 6, 2, 2, 2, 2, 7, 8, 3, 8, 8, 8, 4, 4, 9, 4, 9, 0, 0, 0, 0, 0,

** Interesting structure within periods of 5 and 25!

1, 6, 1, 6, 6, 2, 2, 2, 7, 2, 3, 8, 8, 8, 8, 4, 9, 4, 9, 4, 0, 0, 0, 0, 5,
6, 1, 6, 6, 6, 2, 2, 7, 2, 7, 8, 8, 8, 8, 8, 9, 4, 9, 4, 4, 0, 0, 0, 5, 0,
1, 6, 6, 6, 6, 2, 7, 2, 7, 2, 8, 8, 8, 8, 3, 4, 9, 4, 4, 4, 0, 0, 5, 0, 5,
6, 6, 6, 6, 6, 7, 2, 7, 2, 2, 8, 8, 8, 3, 8, 9, 4, 4, 4, 4, 0, 5, 0, 5, 0,
6, 6, 6, 6, 1, 2, 7, 2, 2, 2, 8, 8, 3, 8, 3, 4, 4, 4, 4, 4, 5, 0, 5, 0, 0,
6, 6, 6, 1, 6, 7, 2, 2, 2, 2, 8, 3, 8, 3, 8, 4, 4, 4, 4, 9, 0, 5, 0, 0, 0,
6, 6, 1, 6, 1, 2, 2, 2, 2, 2, 3, 8, 3, 8, 8, 4, 4, 4, 9, 4, 5, 0, 0, 0, 0,
6, 1, 6, 1, 6, 2, 2, 2, 2, 7, 8, 3, 8, 8, 8, 4, 4, 9, 4, 9, 0, 0, 0, 0, 0,
1, 6, 1, 6, 6, 2, 2, 2, 7, 2, 3, 8, 8, 8, 8, 4, 9, 4, 9, 4, 0, 0, 0, 0, 5,
6, 1, 6, 6, 6, 2, 2, 7, 2, 7, 8, 8, 8, 8, 8, 9, 4, 9, 4, 4, 0, 0, 0, 5, 0,
1, 6, 6, 6, 6, 2, 7, 2, 7, 2, 8, 8, 8, 8, 3, 4, 9, 4, 4, 4, 0, 0, 5, 0, 5,
6, 6, 6, 6, 6, 7, 2, 7, 2, 2, 8, 8, 8, 

a_6(n) % 11; period = 11

1, 6, 10, 1, 5, 10, 0, 0, 0, 0, 0,
1, 6, 10, 1, 5, 10, 0, 0, 0, 0, 0,
1, 6, 10, 1, 5, 10, 0, 0, 0, 0, 0,
1, 6, 10, 1, 5, 10, 0, 0, 0, 0, 0,
1, 6, 10, 1, 5, 10, 0, 0, 0, 0, 0,
1, 6, 10, 1, 5, 10, 0, 0, 0, 0, 0,
1, 6, 10, 1, 5, 10, 0, 0, 0, 0, 0,
1, 6, 10, 1, 5, 10, 0, 0, 0, 0, 0,
1, 6, 10, 1, 5, 10, 0, 0, 0, 0, 0,
1, 6, 10, 1, 5, 10, 0, 0, 0, 0, 0,
1, 6, 10, 1, 5, 10, 0, 0, 0, 0, 0,
1, 6, 10, 1, 5, 10, 0, 0, 0, 0, 0,
1, 6, 10, 1, 5, 10, 0, 0, 0, 0, 0,
1, 6, 10, 1, 5, 10, 0, 0, 0, 0, 0,
1, 6, 10, 1, 5, 10, 0, 0, 0, 0, 0,
1, 6, 10, 1, 5, 10, 0, 0, 0, 0, 0,
1, 6, 10, 1, 5, 10, 0, 0, 0, 0, 0,
1, 6, 10, 1, 5, 10, 0, 0, 0, 0, 0,
1, 6, 10, 1, 5, 10, 0, 0, 0, 0, 0,
1, 6, 10, 1, 5, 10, 0, 0, 0, 0, 0,
1, 6, 10, 1, 5, 10, 0, 0, 0, 0, 0,
1, 6, 10, 1, 5, 10, 0, 0, 0, 0, 0,
1, 6, 10, 1, 5, 10, 0, 0, 0, 0, 0,
1, 6, 10, 1, 5, 10, 0, 0, 0, 0, 0,
1, 6, 10, 1, 5, 10, 0, 0, 0, 0, 0,
1, 6, 10, 1, 5, 10, 0, 0, 0, 0, 0,
1, 6, 

a_6(n) % 12; period = 144 (= 9*16)

1, 6, 9, 8, 6, 0, 6, 0, 3, 10, 3, 0, 8, 0, 0, 0, 9, 6, 1, 0, 6, 8, 6, 0, 3, 6, 3, 4, 0, 0, 8, 0, 9, 6, 9, 0, 10, 0, 6, 8, 3, 6, 3, 0, 0, 4, 0, 0, 5, 6, 9, 0, 6, 0, 10, 0, 3, 2, 3, 0, 0, 0, 0, 4, 9, 6, 5, 0, 6, 0, 6, 0,
7, 6, 3, 8, 0, 0, 0, 0, 9, 10, 9, 0, 2, 0, 6, 0, 3, 6, 7, 0, 0, 8, 0, 0, 9, 6, 9, 4, 6, 0, 2, 0, 3, 6, 3, 0, 4, 0, 0, 8, 9, 6, 9, 0, 6, 4, 6, 0, 11, 6, 3, 0, 0, 0, 4, 0, 9, 2, 9, 0, 6, 0, 6, 4, 3, 6, 11, 0, 0, 0, 0, 0,
1, 6, 9, 8, 6, 0, 6, 0, 3, 10, 3, 0, 8, 0, 0, 0, 9, 6, 1, 0, 6, 8, 6, 0, 3, 6, 3, 4, 0, 0, 8, 0, 9, 6, 9, 0, 10, 0, 6, 8, 3, 6, 3, 0, 0, 4, 0, 0, 5, 6, 9, 0, 6, 0, 10, 0, 3, 2, 3, 0, 0, 0, 0, 4, 9, 6, 5, 0, 6, 0, 6, 0,
7, 6, 3, 8, 0, 0, 0, 0, 9, 10, 9, 0, 2, 0, 6, 0, 3, 6, 7, 0, 0, 8, 0, 0, 9, 6, 9, 4, 6, 0, 2, 0, 3, 6, 3, 0, 4, 0, 0, 8, 9, 6, 9, 0, 6, 4, 6, 0, 11, 6, 3, 0, 0, 0, 4, 0, 9, 2, 9, 0, 6, 0, 6, 4, 3, 6, 11, 0, 0, 0, 0, 0,


a_6(n) % 13; period = 13

1, 6, 8, 4, 9, 5, 7, 12, 0, 0, 0, 0, 0,
1, 6, 8, 4, 9, 5, 7, 12, 0, 0, 0, 0, 0,
1, 6, 8, 4, 9, 5, 7, 12, 0, 0, 0, 0, 0,
1, 6, 8, 4, 9, 5, 7, 12, 0, 0, 0, 0, 0,
1, 6, 8, 4, 9, 5, 7, 12, 0, 0, 0, 0, 0,
1, 6, 8, 4, 9, 5, 7, 12, 0, 0, 0, 0, 0,
1, 6, 8, 4, 9, 5, 7, 12, 0, 0, 0, 0, 0,
1, 6, 8, 4, 9, 5, 7, 12, 0, 0, 0, 0, 0,
1, 6, 8, 4, 9, 5, 7, 12, 0, 0, 0, 0, 0,
1, 6, 8, 4, 9, 5, 7, 12, 0, 0, 0, 0, 0,
1, 6, 8, 4, 9, 5, 7, 12, 0, 0, 0, 0, 0,
1, 6, 8, 4, 9, 5, 7, 12, 0, 0, 0, 0, 0,
1, 6, 8, 4, 9, 5, 7, 12, 0, 0, 0, 0, 0,
1, 6, 8, 4, 9, 5, 7, 12, 0, 0, 0, 0, 0,
1, 6, 8, 4, 9, 5, 7, 12, 0, 0, 0, 0, 0,
1, 6, 8, 4, 9, 5, 7, 12, 0, 0, 0, 0, 0,
1, 6, 8, 4, 9, 5, 7, 12, 0, 0, 0, 0, 0,
1, 6, 8, 4, 9, 5, 7, 12, 0, 0, 0, 0, 0,
1, 6, 8, 4, 9, 5, 7, 12, 0, 0, 0, 0, 0,
1, 6, 8, 4, 9, 5, 7, 12, 0, 0, 0, 0, 0,
1, 6, 8, 4, 9, 5, 7, 12, 0, 0, 0, 0, 0,
1, 6, 8, 4, 9, 5, 7, 12, 0, 0, 0, 0, 0,
1, 6, 

a_6(n) % 14; period = 56 (= 8*7)

1, 6, 7, 0, 0, 0, 0, 8, 13, 0, 7, 0, 0, 0, 8, 6, 7, 0, 7, 0, 0, 8, 6, 0, 7, 0, 7, 0, 8, 6, 0, 0, 7, 0, 7, 8, 6, 0, 0, 0, 7, 0, 1, 6, 0, 0, 0, 0, 7, 8, 13, 0, 0, 0, 0, 0,
1, 6, 7, 0, 0, 0, 0, 8, 13, 0, 7, 0, 0, 0, 8, 6, 7, 0, 7, 0, 0, 8, 6, 0, 7, 0, 7, 0, 8, 6, 0, 0, 7, 0, 7, 8, 6, 0, 0, 0, 7, 0, 1, 6, 0, 0, 0, 0, 7, 8, 13, 0, 0, 0, 0, 0,
1, 6, 7, 0, 0, 0, 0, 8, 13, 0, 7, 0, 0, 0, 8, 6, 7, 0, 7, 0, 0, 8, 6, 0, 7, 0, 7, 0, 8, 6, 0, 0, 7, 0, 7, 8, 6, 0, 0, 0, 7, 0, 1, 6, 0, 0, 0, 0, 7, 8, 13, 0, 0, 0, 0, 0,
1, 6, 7, 0, 0, 0, 0, 8, 13, 0, 7, 0, 0, 0, 8, 6, 7, 0, 7, 0, 0, 8, 6, 0, 7, 0, 7, 0, 8, 6, 0, 0, 7, 0, 7, 8, 6, 0, 0, 0, 7, 0, 1, 6, 0, 0, 0, 0, 7, 8, 13, 0, 0, 0, 0, 0,
1, 6, 7, 0, 0, 0, 0, 8, 13, 0, 7, 0, 0, 0, 8, 6, 7, 0, 7, 0, 0, 8, 6, 0, 7, 0, 7, 0, 8, 6, 0, 0, 7, 0, 7, 8, 6, 0, 0, 0, 7, 0, 1, 6, 0, 0, 0, 0, 7, 8, 13, 0, 0, 0, 0, 0,
1, 6, 7, 0, 0, 0, 0, 8, 

a_6(n) % 15; period = 225 ? (= 9*25)

1, 6, 6, 11, 6, 12, 12, 12, 12, 7, 3, 3, 8, 3, 3, 9, 9, 9, 4, 9, 0, 5, 0, 0, 0, 6, 6, 1, 6, 6, 2, 12, 12, 12, 12, 3, 13, 3, 3, 8, 9, 9, 9, 9, 9, 10, 0, 0, 5, 0, 6, 6, 6, 6, 1, 12, 12, 2, 12, 12, 3, 3, 3, 13, 3, 9, 14, 9, 9, 9, 0, 0, 10, 0, 0, 11, 6, 6, 6, 6, 12, 7, 12, 12, 2, 3, 3, 3, 3, 3, 4, 9, 9, 14, 9, 0, 0, 0, 0, 10, 6, 6, 11, 6, 6, 12, 12, 12, 7, 12, 3, 8, 3, 3, 3, 9, 9, 4, 9, 9, 5, 0, 0, 0, 0, 6, 1, 6, 6, 11, 12, 12, 12, 12, 12, 13, 3, 3, 8, 3, 9, 9, 9, 9, 4, 0, 0, 5, 0, 0, 6, 6, 6, 1, 6, 12, 2, 12, 12, 12, 3, 3, 13, 3, 3, 14, 9, 9, 9, 9, 0, 10, 0, 0, 5, 6, 6, 6, 6, 6, 7, 12, 12, 2, 12, 3, 3, 3, 3, 13, 9, 9, 14, 9, 9, 0, 0, 0, 10, 0, 6, 11, 6, 6, 6, 12, 12, 7, 12, 12, 8, 3, 3, 3, 3, 9, 4, 9, 9, 14, 0, 0, 0, 0, 0,
1, 6, 6, 11, 6, 12, 12, 12, 12, 7, 3, 3, 8, 3, 3, 9, 9, 9, 4, 9, 0, 5, 0, 0, 0, 6, 6, 1, 6, 6, 2, 12, 12, 12, 12, 3, 13, 3, 3, 8, 9, 9, 9, 9, 9, 10, 0, 0, 5, 0, 6, 6, 6, 6, 1, 12, 12, 2, 12, 12, 3, 3, 3, 13, 3, 9, 14, 9, 9, 9, 0, 0, 10, 0, 0, 11, 6, 6, 6, 6, 12, 7, 12, 12, 2, 3, 3, 3, 3, 3, 4, 9, 9, 14, 9, 0, 0, 0, 0, 10, 6, 6, 11, 6, 6, 12, 12, 12, 7, 12, 3, 8, 3, 3, 3, 9, 9, 4, 9, 9, 5, 0, 0, 0, 0, 6, 1, 6, 6, 11, 12, 12, 12, 12, 12, 13, 3, 3, 8, 3, 9, 9, 9, 9, 4, 0, 0, 5, 0, 0, 6, 6, 6, 1, 6, 12, 2, 12, 12, 12, 3, 3, 13, 3, 3, 14, 9, 9, 9, 9, 0, 10, 0, 0, 5, 6, 6, 6, 6, 6, 7, 12, 12, 2, 12, 3, 3, 3, 3, 13, 9, 9, 14, 9, 9, 0, 0, 0, 10, 0, 6, 11, 6, 6, 6, 12, 12, 7, 12, 12, 8, 3, 3, 3, 3, 9, 4, 9, 9, 14, 0, 0, 0, 0, 0,
1, 6, 6, 11, 6, 12, 12, 12, 12, 7, 3, 3, 8, 3, 3, 9, 9, 9, 4, 9, 0, 5, 0, 0, 0, 6, 6, 1, 6, 6, 2, 12, 12, 12, 12, 3, 13, 3, 3, 8, 9, 9, 9, 9, 9, 10, 0, 0, 5, 0, 6, 6, 6, 6, 1, 12, 12, 2, 12, 12, 3, 3, 3, 13, 3, 9, 14, 9, 9, 9, 0, 0, 10, 0, 0, 11, 6, 6, 6, 6, 12, 7, 12, 12, 2, 3, 3, 3, 3, 3, 4, 9, 9, 14, 9, 0, 0, 0, 0, 10, 6, 6, 11, 6, 6, 12, 12, 12, 7, 12, 3, 8, 3, 3, 3, 9, 9, 4, 9, 9, 5, 0, 0, 0, 0, 6, 1, 6, 6, 11, 12, 12, 12, 12, 12, 13, 3, 3, 8, 3, 9, 9, 9, 9, 4, 0, 0, 5, 0, 0, 6, 6, 6, 1, 6, 12, 2, 12, 12, 12, 3, 3, 13, 3, 3, 14, 9, 9, 9, 9, 0, 10, 0, 0, 5, 6, 6, 6, 6, 6, 7, 12, 12, 2, 12, 3, 3, 3, 3, 13, 9, 9, 14, 9, 9, 0, 0, 0, 10, 0, 6, 11, 6, 6, 6, 12, 12, 7, 12, 12, 8, 3, 3, 3, 3, 9, 4, 9, 9, 14, 0, 0, 0, 0, 0,

** Interesting structure again within periods of 5 and 25:

1, 6, 6, 11, 6, 12, 12, 12, 12, 7, 3, 3, 8, 3, 3, 9, 9, 9, 4, 9, 0, 5, 0, 0, 0,
6, 6, 1, 6, 6, 2, 12, 12, 12, 12, 3, 13, 3, 3, 8, 9, 9, 9, 9, 9, 10, 0, 0, 5, 0,
6, 6, 6, 6, 1, 12, 12, 2, 12, 12, 3, 3, 3, 13, 3, 9, 14, 9, 9, 9, 0, 0, 10, 0, 0,
11, 6, 6, 6, 6, 12, 7, 12, 12, 2, 3, 3, 3, 3, 3, 4, 9, 9, 14, 9, 0, 0, 0, 0, 10,
6, 6, 11, 6, 6, 12, 12, 12, 7, 12, 3, 8, 3, 3, 3, 9, 9, 4, 9, 9, 5, 0, 0, 0, 0,
6, 1, 6, 6, 11, 12, 12, 12, 12, 12, 13, 3, 3, 8, 3, 9, 9, 9, 9, 4, 0, 0, 5, 0, 0,
6, 6, 6, 1, 6, 12, 2, 12, 12, 12, 3, 3, 13, 3, 3, 14, 9, 9, 9, 9, 0, 10, 0, 0, 5,
6, 6, 6, 6, 6, 7, 12, 12, 2, 12, 3, 3, 3, 3, 13, 9, 9, 14, 9, 9, 0, 0, 0, 10, 0,
6, 11, 6, 6, 6, 12, 12, 7, 12, 12, 8, 3, 3, 3, 3, 9, 4, 9, 9, 14, 0, 0, 0, 0, 0,
1, 6, 6, 11, 6, 12, 12, 12, 12, 7, 3, 3, 8, 3, 3, 9, 9, 9, 4, 9, 0, 5, 0, 0, 0,
6, 6, 1, 6, 6, 2, 12, 12, 12, 12, 3, 13, 3, 3, 8, 9, 9, 9, 9, 9, 10, 0, 0, 5, 0,
6, 6, 6, 6, 1, 12, 12, 2, 12, 12, 3, 3, 3, 13, 3, 9, 14, 9, 9, 9, 0, 0, 10, 0, 0,
11, 6, 6, 6, 6, 12, 7, 12, 12, 2, 3, 3, 3, 3, 3, 4, 9, 9, 14, 9, 0, 0, 0, 0, 10,

a_6(n) % 16; period = 64

1, 6, 5, 8, 14, 12, 14, 8, 7, 2, 11, 0, 12, 8, 12, 0, 13, 14, 1, 8, 10, 4, 10, 8, 3, 10, 7, 0, 8, 0, 8, 0, 9, 6, 13, 8, 6, 12, 6, 8, 15, 2, 3, 0, 4, 8, 4, 0, 5, 14, 9, 8, 2, 4, 2, 8, 11, 10, 15, 0, 0, 0, 0, 0,
1, 6, 5, 8, 14, 12, 14, 8, 7, 2, 11, 0, 12, 8, 12, 0, 13, 14, 1, 8, 10, 4, 10, 8, 3, 10, 7, 0, 8, 0, 8, 0, 9, 6, 13, 8, 6, 12, 6, 8, 15, 2, 3, 0, 4, 8, 4, 0, 5, 14, 9, 8, 2, 4, 2, 8, 11, 10, 15, 0, 0, 0, 0, 0,
1, 6, 5, 8, 14, 12, 14, 8, 7, 2, 11, 0, 12, 8, 12, 0, 13, 14, 1, 8, 10, 4, 10, 8, 3, 10, 7, 0, 8, 0, 8, 0, 9, 6, 13, 8, 6, 12, 6, 8, 15, 2, 3, 0, 4, 8, 4, 0, 5, 14, 9, 8, 2, 4, 2, 8, 11, 10, 15, 0, 0, 0, 0, 0,
1, 6, 5, 8, 14, 12, 14, 8, 7, 2, 11, 0, 12, 8, 12, 0, 13, 14, 1, 8, 10, 4, 10, 8, 3, 10, 7, 0, 8, 0, 8, 0, 9, 6, 13, 8, 6, 12, 6, 8, 15, 2, 3, 0, 4, 8, 4, 0, 5, 14, 9, 8, 2, 4, 2, 8, 11, 10, 15, 0, 0, 0, 0, 0,
1, 6, 5, 8, 14, 12, 14, 8, 7, 2, 11, 0, 12, 8, 12, 0, 13, 14, 1, 8, 10, 4, 10, 8, 3, 10, 7, 0, 8, 0, 8, 0, 

a_6(n) % 17; period = 17

1, 6, 4, 5, 7, 14, 3, 10, 12, 13, 11, 16, 0, 0, 0, 0, 0,
1, 6, 4, 5, 7, 14, 3, 10, 12, 13, 11, 16, 0, 0, 0, 0, 0,
1, 6, 4, 5, 7, 14, 3, 10, 12, 13, 11, 16, 0, 0, 0, 0, 0,
1, 6, 4, 5, 7, 14, 3, 10, 12, 13, 11, 16, 0, 0, 0, 0, 0,
1, 6, 4, 5, 7, 14, 3, 10, 12, 13, 11, 16, 0, 0, 0, 0, 0,
1, 6, 4, 5, 7, 14, 3, 10, 12, 13, 11, 16, 0, 0, 0, 0, 0,
1, 6, 4, 5, 7, 14, 3, 10, 12, 13, 11, 16, 0, 0, 0, 0, 0,
1, 6, 4, 5, 7, 14, 3, 10, 12, 13, 11, 16, 0, 0, 0, 0, 0,
1, 6, 4, 5, 7, 14, 3, 10, 12, 13, 11, 16, 0, 0, 0, 0, 0,
1, 6, 4, 5, 7, 14, 3, 10, 12, 13, 11, 16, 0, 0, 0, 0, 0,
1, 6, 4, 5, 7, 14, 3, 10, 12, 13, 11, 16, 0, 0, 0, 0, 0,
1, 6, 4, 5, 7, 14, 3, 10, 12, 13, 11, 16, 0, 0, 0, 0, 0,
1, 6, 4, 5, 7, 14, 3, 10, 12, 13, 11, 16, 0, 0, 0, 0, 0,
1, 6, 4, 5, 7, 14, 3, 10, 12, 13, 11, 16, 0, 0, 0, 0, 0,
1, 6, 4, 5, 7, 14, 3, 10, 12, 13, 11, 16, 0, 0, 0, 0, 0,
1, 6, 4, 5, 7, 14, 3, 10, 12, 13, 11, 16, 0, 0, 0, 0, 0,
1, 6, 4, 5, 7, 14, 3, 10, 12, 13, 11, 16, 0, 0, 0, 0, 

a_6(n) % 18; period = 216 (= 8*27) ?

1, 6, 3, 2, 0, 0, 12, 0, 9, 4, 15, 12, 14, 0, 0, 6, 9, 0, 7, 6, 12, 8, 0, 0, 9, 0, 9, 10, 6, 12, 2, 0, 9, 12, 9, 0, 4, 6, 12, 14, 9, 0, 15, 0, 0, 16, 6, 12, 17, 0, 9, 0, 0, 0,
10, 6, 3, 2, 9, 0, 12, 0, 0, 4, 15, 12, 5, 0, 0, 6, 0, 0, 7, 6, 3, 8, 0, 0, 0, 0, 9, 10, 15, 12, 2, 0, 0, 12, 9, 0, 13, 6, 12, 14, 0, 0, 15, 0, 9, 16, 6, 12, 8, 0, 9, 0, 9, 0,
10, 6, 12, 2, 9, 0, 3, 0, 0, 4, 6, 12, 5, 0, 9, 6, 0, 0, 16, 6, 3, 8, 9, 0, 0, 0, 0, 10, 15, 12, 11, 0, 0, 12, 0, 0, 13, 6, 3, 14, 0, 0, 6, 0, 9, 16, 15, 12, 8, 0, 0, 0, 9, 0,
1, 6, 12, 2, 0, 0, 3, 0, 9, 4, 6, 12, 14, 0, 9, 6, 9, 0, 16, 6, 12, 8, 9, 0, 9, 0, 0, 10, 6, 12, 11, 0, 9, 12, 0, 0, 4, 6, 3, 14, 9, 0, 6, 0, 0, 16, 15, 12, 17, 0, 0, 0, 0, 0,
1, 6, 3, 2, 0, 0, 12, 0, 9, 4, 15, 12, 14, 0, 0, 6, 9, 0, 7, 6, 12, 8, 0, 0, 9, 0, 9, 10, 6, 12, 2, 0, 9, 12, 9, 0, 4, 6, 12, 14, 9, 0, 15, 0, 0, 16, 6, 12, 17, 0, 9, 0, 0, 0,
10, 6, 3, 2, 9, 0, 12, 0, 0, 4, 15, 12, 5, 0, 0, 6, 0, 0, 

a_6(n) % 19; period = 19

1, 6, 2, 18, 12, 5, 6, 13, 14, 7, 1, 17, 13, 18, 0, 0, 0, 0, 0,
1, 6, 2, 18, 12, 5, 6, 13, 14, 7, 1, 17, 13, 18, 0, 0, 0, 0, 0,
1, 6, 2, 18, 12, 5, 6, 13, 14, 7, 1, 17, 13, 18, 0, 0, 0, 0, 0,
1, 6, 2, 18, 12, 5, 6, 13, 14, 7, 1, 17, 13, 18, 0, 0, 0, 0, 0,
1, 6, 2, 18, 12, 5, 6, 13, 14, 7, 1, 17, 13, 18, 0, 0, 0, 0, 0,
1, 6, 2, 18, 12, 5, 6, 13, 14, 7, 1, 17, 13, 18, 0, 0, 0, 0, 0,
1, 6, 2, 18, 12, 5, 6, 13, 14, 7, 1, 17, 13, 18, 0, 0, 0, 0, 0,
1, 6, 2, 18, 12, 5, 6, 13, 14, 7, 1, 17, 13, 18, 0, 0, 0, 0, 0,
1, 6, 2, 18, 12, 5, 6, 13, 14, 7, 1, 17, 13, 18, 0, 0, 0, 0, 0,
1, 6, 2, 18, 12, 5, 6, 13, 14, 7, 1, 17, 13, 18, 0, 0, 0, 0, 0,
1, 6, 2, 18, 12, 5, 6, 13, 14, 7, 1, 17, 13, 18, 0, 0, 0, 0, 0,
1, 6, 2, 18, 12, 5, 6, 13, 14, 7, 1, 17, 13, 18, 0, 0, 0, 0, 0,
1, 6, 2, 18, 12, 5, 6, 13, 14, 7, 1, 17, 13, 18, 0, 0, 0, 0, 0,
1, 6, 2, 18, 12, 5, 6, 13, 14, 7, 1, 17, 13, 18, 0, 0, 0, 0, 0,
1, 6, 2, 18, 12, 5, 6, 13, 14, 7, 1, 17, 13, 18, 0, 0, 0, 0, 0,
1, 6, 2, 

-----------------------------------------------------------------

a_7(n): the 6-simplex numbers and the 7th partial sums transform of a_0(n)


1, 7, 28, 84, 210, 462, 924, 1716, 3003, 5005, 8008, 12376, 18564, 27132, 38760, 54264, 74613, 100947, 134596, 177100, 230230, 296010, 376740, 475020, 593775, 736281, 906192, 1107568, 1344904, 1623160, 1947792,
2324784, 2760681, 3262623, 3838380, 4496388, 5245786, 6096454, 7059052, 8145060, 9366819, 10737573, 12271512, 13983816, 15890700, 18009460, 20358520, 22957480, 25827165, 28989675, 32468436, 36288252, 40475358,
45057474, 50063860, 55525372, 61474519, 67945521, 74974368, 82598880, 90858768, 99795696, 109453344, 119877472, 131115985, 143218999, 156238908, 170230452, 185250786, 201359550, 218618940, 237093780, 256851595,
277962685, 300500200, 324540216, 350161812, 377447148, 406481544, 437353560, 470155077, 504981379, 541931236, 581106988, 622614630, 666563898, 713068356, 762245484, 814216767, 869107785, 927048304, 988172368,
1052618392, 1120529256, 1192052400, 1267339920, 1346548665, 1429840335, 1517381580, 1609344100, ...


a_7(n) % 7; period = 7

1, 0, 0, 0, 0, 0, 0,
1, 0, 0, 0, 0, 0, 0,
1, 0, 0, 0, 0, 0, 0,
1, 0, 0, 0, 0, 0, 0,
1, 0, 0, 0, 0, 0, 0,
1, 0, 0, 0, 0, 0, 0,
1, 0, 0, 0, 0, 0, 0,
1, 0, 0, 0, 0, 0, 0,
1, 0, 0, 0, 0, 0, 0,
1, 0, 0, 0, 0, 0, 0,
1, 0, 0, 0, 0, 0, 0,
1, 0, 0, 0, 0, 0, 0,
1, 0, 0, 0, 0, 0, 0,
1, 0, 0, 0, 0, 0, 0,
1, 0, 
