2 1 2
3 2 6
4 1 4
5 4 20
6 1 6
7 4 28
8 1 8
9 2 18
10 2 20
11 6 66
12 1 12
13 6 78
14 2 28
15 2 30
16 1 16
17 12 204
18 1 18
19 12 228
20 1 20
21 2 42
22 3 66
23 12 276
24 1 24
25 4 100
26 3 78
27 2 54
28 1 28
29 12 348
30 1 30
31 16 496
32 1 32
33 2 66
34 6 204
35 4 140
36 1 36
37 18 666
38 6 228
39 2 78
40 1 40
41 20 820
42 1 42
43 20 860
44 2 88
45 2 90
46 6 276
47 24 1128
48 1 48
49 4 196
50 2 100
51 4 204
52 2 104
53 24 1272
54 1 54
55 4 220
56 1 56
57 4 228
58 6 348
59 24 1416
60 1 60
61 24 1464
62 8 496
63 2 126
64 1 64
65 4 260
66 1 66
67 30 2010
68 3 204
69 4 276
70 2 140
71 30 2130
72 1 72
73 30 2190
74 9 666
75 2 150
76 3 228
77 4 308
78 1 78
79 36 2844
80 1 80
81 2 162
82 10 820
83 36 2988
84 1 84
85 4 340
86 10 860
87 4 348
88 1 88
89 36 3204
90 1 90
91 4 364
92 3 276
93 6 558
94 12 1128
95 4 380
96 1 96
97 42 4074
98 2 196
99 2 198
100 1 100
101 48 4848
102 2 204
103 48 4944
104 1 104
105 2 210
106 12 1272
107 48 5136
108 1 108
109 48 5232
110 2 220
111 6 666
112 1 112
113 48 5424
114 2 228
115 4 460
116 3 348
117 2 234
118 12 1416
119 4 476
120 1 120
121 6 726
122 12 1464
123 8 984
124 4 496
125 4 500
126 1 126
127 60 7620
128 1 128
129 8 1032
130 2 260
131 60 7860
132 1 132
133 4 532
134 15 2010
135 2 270
136 2 272
137 60 8220
138 2 276
139 60 8340
140 1 140
141 8 1128
142 15 2130
143 6 858
144 1 144
145 4 580
146 15 2190
147 2 294
148 5 740
149 60 8940
150 1 150
151 60 9060
152 2 304
153 2 306
154 2 308
155 4 620
156 1 156
157 60 9420
158 18 2844
159 8 1272
160 1 160
161 4 644
162 1 162
163 60 9780
164 5 820
165 2 330
166 18 2988
167 60 10020
168 1 168
169 6 1014
170 2 340
171 2 342
172 5 860
173 72 12456
174 2 348
175 4 700
176 1 176
177 8 1416
178 18 3204
179 72 12888
180 1 180
181 72 13032
182 2 364
183 8 1464
184 2 368
185 4 740
186 3 558
187 6 1122
188 6 1128
189 2 378
190 2 380
191 72 13752
192 1 192
193 72 13896
194 21 4074
195 2 390
196 1 196
197 84 16548
198 1 198
199 84 16716
200 1 200
201 10 2010
202 24 4848
203 4 812
204 1 204
205 4 820
206 24 4944
207 2 414
208 1 208
209 6 1254
210 1 210
211 84 17724
212 6 1272
213 10 2130
214 24 5136
215 4 860
216 1 216
217 4 868
218 24 5232
219 10 2190
220 1 220
221 6 1326
222 3 666
223 84 18732
224 1 224
225 2 450
226 24 5424
227 90 20430
228 1 228
229 90 20610
230 2 460
231 2 462
232 2 464
233 90 20970
234 1 234
235 6 1410
236 6 1416
237 12 2844
238 2 476
239 96 22944
240 1 240
241 96 23136
242 3 726
243 2 486
244 6 1464
245 4 980
246 4 984
247 6 1482
248 2 496
249 12 2988
250 2 500
251 96 24096
252 1 252
253 6 1518
254 30 7620
255 2 510
256 1 256
257 108 27756
258 4 1032
259 4 1036
260 1 260
261 2 522
262 30 7860
263 108 28404
264 1 264
265 6 1590
266 2 532
267 12 3204
268 9 2412
269 108 29052
270 1 270
271 108 29268
272 1 272
273 2 546
274 30 8220
275 4 1100
276 1 276
277 108 29916
278 30 8340
279 2 558
280 1 280
281 108 30348
282 4 1128
283 120 33960
284 9 2556
285 2 570
286 3 858
287 4 1148
288 1 288
289 12 3468
290 2 580
291 14 4074
292 9 2628
293 120 35160
294 1 294
295 6 1770
296 3 888
297 2 594
298 30 8940
299 6 1794
300 1 300
301 4 1204
302 30 9060
303 16 4848
304 1 304
305 6 1830
306 1 306
307 120 36840
308 1 308
309 16 4944
310 2 620
311 120 37320
312 1 312
313 120 37560
314 30 9420
315 2 630
316 9 2844
317 120 38040
318 4 1272
319 6 1914
320 1 320
321 16 5136
322 2 644
323 12 3876
324 1 324
325 4 1300
326 30 9780
327 16 5232
328 3 984
329 4 1316
330 1 330
331 120 39720
332 9 2988
333 2 666
334 30 10020
335 6 2010
336 1 336
337 120 40440
338 3 1014
339 16 5424
340 1 340
341 6 2046
342 1 342
343 4 1372
344 3 1032
345 2 690
346 36 12456
347 120 41640
348 1 348
349 120 41880
350 2 700
351 2 702
352 1 352
353 120 42360
354 4 1416
355 6 2130
356 9 3204
357 2 714
358 36 12888
359 120 43080
360 1 360
361 12 4332
362 36 13032
363 2 726
364 1 364
365 6 2190
366 4 1464
367 144 52848
368 1 368
369 4 1476
370 2 740
371 4 1484
372 2 744
373 144 53712
374 3 1122
375 2 750
376 3 1128
377 6 2262
378 1 378
379 144 54576
380 1 380
381 20 7620
382 36 13752
383 144 55152
384 1 384
385 4 1540
386 36 13896
387 4 1548
388 12 4656
389 144 56016
390 1 390
391 12 4692
392 1 392
393 20 7860
394 42 16548
395 8 3160
396 1 396
397 144 57168
398 42 16716
399 2 798
400 1 400
401 144 57744
402 5 2010
403 6 2418
404 12 4848
405 2 810
406 2 812
407 6 2442
408 1 408
409 168 68712
410 2 820
411 20 8220
412 12 4944
413 6 2478
414 1 414
415 8 3320
416 1 416
417 20 8340
418 3 1254
419 168 70392
420 1 420
421 168 70728
422 42 17724
423 4 1692
424 3 1272
425 4 1700
426 5 2130
427 6 2562
428 12 5136
429 2 858
430 2 860
431 168 72408
432 1 432
433 168 72744
434 2 868
435 2 870
436 12 5232
437 12 5244
438 5 2190
439 168 73752
440 1 440
441 2 882
442 3 1326
443 168 74424
444 2 888
445 8 3560
446 42 18732
447 20 8940
448 1 448
449 168 75432
450 1 450
451 6 2706
452 12 5424
453 20 9060
454 45 20430
455 4 1820
456 1 456
457 168 76776
458 45 20610
459 2 918
460 1 460
461 168 77448
462 1 462
463 168 77784
464 1 464
465 2 930
466 45 20970
467 168 78456
468 1 468
469 6 2814
470 3 1410
471 20 9420
472 3 1416
473 6 2838
474 6 2844
475 4 1900
476 1 476
477 4 1908
478 48 22944
479 168 80472
480 1 480
481 6 2886
482 48 23136
483 2 966
484 2 968
485 12 5820
486 1 486
487 180 87660
488 3 1464
489 20 9780
490 2 980
491 180 88380
492 2 984
493 12 5916
494 3 1482
495 2 990
496 1 496
497 6 2982
498 6 2988
499 180 89820
500 1 500
501 20 10020
502 48 24096
503 180 90540
504 1 504
505 12 6060
506 3 1518
507 2 1014
508 15 7620
509 180 91620
510 1 510
511 6 3066
512 1 512
513 2 1026
514 54 27756
515 12 6180
516 2 1032
517 6 3102
518 2 1036
519 24 12456
520 1 520
521 180 93780
522 1 522
523 180 94140
524 15 7860
525 2 1050
526 54 28404
527 12 6324
528 1 528
529 12 6348
530 3 1590
531 4 2124
532 1 532
533 6 3198
534 6 3204
535 12 6420
536 5 2680
537 24 12888
538 54 29052
539 4 2156
540 1 540
541 180 97380
542 54 29268
543 24 13032
544 1 544
545 12 6540
546 1 546
547 180 98460
548 15 8220
549 4 2196
550 2 1100
551 12 6612
552 1 552
553 6 3318
554 54 29916
555 2 1110
556 15 8340
557 210 116970
558 1 558
559 6 3354
560 1 560
561 2 1122
562 54 30348
563 210 118230
564 2 1128
565 12 6780
566 60 33960
567 2 1134
568 5 2840
569 210 119490
570 1 570
571 210 119910
572 2 1144
573 24 13752
574 2 1148
575 4 2300
576 1 576
577 210 121170
578 6 3468
579 24 13896
580 1 580
581 6 3486
582 7 4074
583 6 3498
584 5 2920
585 2 1170
586 60 35160
587 216 126792
588 1 588
589 12 7068
590 3 1770
591 28 16548
592 2 1184
593 216 128088
594 1 594
595 4 2380
596 15 8940
597 28 16716
598 3 1794
599 216 129384
600 1 600
601 216 129816
602 2 1204
603 4 2412
604 15 9060
605 4 2420
606 8 4848
607 240 145680
608 1 608
609 2 1218
610 3 1830
611 6 3666
612 1 612
613 240 147120
614 60 36840
615 2 1230
616 1 616
617 240 148080
618 8 4944
619 240 148560
620 1 620
621 2 1242
622 60 37320
623 6 3738
624 1 624
625 4 2500
626 60 37560
627 2 1254
628 15 9420
629 12 7548
630 1 630
631 240 151440
632 5 3160
633 28 17724
634 60 38040
635 12 7620
636 2 1272
637 4 2548
638 3 1914
639 4 2556
640 1 640
641 240 153840
642 8 5136
643 240 154320
644 1 644
645 2 1290
646 6 3876
647 240 155280
648 1 648
649 6 3894
650 2 1300
651 2 1302
652 15 9780
653 240 156720
654 8 5232
655 12 7860
656 2 1312
657 4 2628
658 2 1316
659 240 158160
660 1 660
661 240 158640
662 60 39720
663 2 1326
664 5 3320
665 4 2660
666 1 666
667 12 8004
668 15 10020
669 28 18732
670 3 2010
671 6 4026
672 1 672
673 240 161520
674 60 40440
675 2 1350
676 2 1352
677 240 162480
678 8 5424
679 6 4074
680 1 680
681 30 20430
682 3 2046
683 240 163920
684 1 684
685 12 8220
686 2 1372
687 30 20610
688 2 1376
689 6 4134
690 1 690
691 240 165840
692 18 12456
693 2 1386
694 60 41640
695 12 8340
696 1 696
697 12 8364
698 60 41880
699 30 20970
700 1 700
701 240 168240
702 1 702
703 12 8436
704 1 704
705 2 1410
706 60 42360
707 8 5656
708 2 1416
709 240 170160
710 3 2130
711 4 2844
712 5 3560
713 12 8556
714 1 714
715 4 2860
716 18 12888
717 32 22944
718 60 43080
719 240 172560
720 1 720
721 8 5768
722 6 4332
723 32 23136
724 18 13032
725 4 2900
726 1 726
727 240 174480
728 1 728
729 2 1458
730 3 2190
731 12 8772
732 2 1464
733 240 175920
734 72 52848
735 2 1470
736 1 736
737 6 4422
738 2 1476
739 240 177360
740 1 740
741 2 1482
742 2 1484
743 240 178320
744 1 744
745 12 8940
746 72 53712
747 4 2988
748 2 1496
749 8 5992
750 1 750
751 288 216288
752 2 1504
753 32 24096
754 3 2262
755 12 9060
756 1 756
757 288 218016
758 72 54576
759 2 1518
760 1 760
761 288 219168
762 10 7620
763 8 6104
764 18 13752
765 2 1530
766 72 55152
767 6 4602
768 1 768
769 288 221472
770 2 1540
771 36 27756
772 18 13896
773 288 222624
774 2 1548
775 4 3100
776 6 4656
777 2 1554
778 72 56016
779 12 9348
780 1 780
781 6 4686
782 6 4692
783 2 1566
784 1 784
785 12 9420
786 10 7860
787 288 226656
788 21 16548
789 36 28404
790 4 3160
791 8 6328
792 1 792
793 6 4758
794 72 57168
795 2 1590
796 21 16716
797 288 229536
798 1 798
799 12 9588
800 1 800
801 4 3204
802 72 57744
803 6 4818
804 3 2412
805 4 3220
806 3 2418
807 36 29052
808 6 4848
809 288 232992
810 1 810
811 288 233568
812 1 812
813 36 29268
814 3 2442
815 12 9780
816 1 816
817 12 9804
818 84 68712
819 2 1638
820 1 820
821 300 246300
822 10 8220
823 300 246900
824 6 4944
825 2 1650
826 3 2478
827 300 248100
828 1 828
829 300 248700
830 4 3320
831 36 29916
832 1 832
833 4 3332
834 10 8340
835 12 10020
836 2 1672
837 2 1674
838 84 70392
839 300 251700
840 1 840
841 12 10092
842 84 70728
843 36 30348
844 21 17724
845 4 3380
846 2 1692
847 4 3388
848 2 1696
849 40 33960
850 2 1700
851 12 10212
852 3 2556
853 300 255900
854 3 2562
855 2 1710
856 6 5136
857 300 257100
858 1 858
859 300 257700
860 1 860
861 2 1722
862 84 72408
863 300 258900
864 1 864
865 16 13840
866 84 72744
867 4 3468
868 1 868
869 6 5214
870 1 870
871 6 5226
872 6 5232
873 6 5238
874 6 5244
875 4 3500
876 3 2628
877 336 294672
878 84 73752
879 40 35160
880 1 880
881 336 296016
882 1 882
883 336 296688
884 2 1768
885 2 1770
886 84 74424
887 336 298032
888 1 888
889 12 10668
890 4 3560
891 2 1782
892 21 18732
893 12 10716
894 10 8940
895 16 14320
896 1 896
897 2 1794
898 84 75432
899 12 10788
900 1 900
901 12 10812
902 3 2706
903 2 1806
904 6 5424
905 16 14480
906 10 9060
907 336 304752
908 24 21792
909 6 5454
910 2 1820
911 336 306096
912 1 912
913 6 5478
914 84 76776
915 2 1830
916 24 21984
917 12 11004
918 1 918
919 336 308784
920 1 920
921 40 36840
922 84 77448
923 6 5538
924 1 924
925 4 3700
926 84 77784
927 6 5562
928 1 928
929 336 312144
930 1 930
931 4 3724
932 24 22368
933 40 37320
934 84 78456
935 4 3740
936 1 936
937 336 314832
938 3 2814
939 40 37560
940 2 1880
941 336 316176
942 10 9420
943 12 11316
944 2 1888
945 2 1890
946 3 2838
947 336 318192
948 3 2844
949 6 5694
950 2 1900
951 40 38040
952 1 952
953 336 320208
954 2 1908
955 18 17190
956 24 22944
957 2 1914
958 84 80472
959 12 11508
960 1 960
961 16 15376
962 3 2886
963 6 5778
964 24 23136
965 18 17370
966 1 966
967 336 324912
968 1 968
969 4 3876
970 6 5820
971 336 326256
972 1 972
973 12 11676
974 90 87660
975 2 1950
976 2 1952
977 336 328272
978 10 9780
979 6 5874
980 1 980
981 6 5886
982 90 88380
983 336 330288
984 1 984
985 18 17730
986 6 5916
987 2 1974
988 2 1976
989 12 11868
990 1 990
991 336 332976
992 1 992
993 40 39720
994 3 2982
995 18 17910
996 3 2988
997 360 358920
998 90 89820
999 2 1998
1000 1 1000
