2 1 2
3 2 6
5 4 20
7 4 28
11 6 66
13 6 78
17 12 204
19 12 228
23 12 276
29 12 348
31 16 496
37 18 666
41 20 820
43 20 860
47 24 1128
53 24 1272
59 24 1416
61 24 1464
67 30 2010
71 30 2130
73 30 2190
79 36 2844
83 36 2988
89 36 3204
97 42 4074
101 48 4848
103 48 4944
107 48 5136
109 48 5232
113 48 5424
127 60 7620
131 60 7860
137 60 8220
139 60 8340
149 60 8940
151 60 9060
157 60 9420
163 60 9780
167 60 10020
173 72 12456
179 72 12888
181 72 13032
191 72 13752
193 72 13896
197 84 16548
199 84 16716
211 84 17724
223 84 18732
227 90 20430
229 90 20610
233 90 20970
239 96 22944
241 96 23136
251 96 24096
257 108 27756
263 108 28404
269 108 29052
271 108 29268
277 108 29916
281 108 30348
283 120 33960
293 120 35160
307 120 36840
311 120 37320
313 120 37560
317 120 38040
331 120 39720
337 120 40440
347 120 41640
349 120 41880
353 120 42360
359 120 43080
367 144 52848
373 144 53712
379 144 54576
383 144 55152
389 144 56016
397 144 57168
401 144 57744
409 168 68712
419 168 70392
421 168 70728
431 168 72408
433 168 72744
439 168 73752
443 168 74424
449 168 75432
457 168 76776
461 168 77448
463 168 77784
467 168 78456
479 168 80472
487 180 87660
491 180 88380
499 180 89820
503 180 90540
509 180 91620
521 180 93780
523 180 94140
541 180 97380
547 180 98460
557 210 116970
563 210 118230
569 210 119490
571 210 119910
577 210 121170
587 216 126792
593 216 128088
599 216 129384
601 216 129816
607 240 145680
613 240 147120
617 240 148080
619 240 148560
631 240 151440
641 240 153840
643 240 154320
647 240 155280
653 240 156720
659 240 158160
661 240 158640
673 240 161520
677 240 162480
683 240 163920
691 240 165840
701 240 168240
709 240 170160
719 240 172560
727 240 174480
733 240 175920
739 240 177360
743 240 178320
751 288 216288
757 288 218016
761 288 219168
769 288 221472
773 288 222624
787 288 226656
797 288 229536
809 288 232992
811 288 233568
821 300 246300
823 300 246900
827 300 248100
829 300 248700
839 300 251700
853 300 255900
857 300 257100
859 300 257700
863 300 258900
877 336 294672
881 336 296016
883 336 296688
887 336 298032
907 336 304752
911 336 306096
919 336 308784
929 336 312144
937 336 314832
941 336 316176
947 336 318192
953 336 320208
967 336 324912
971 336 326256
977 336 328272
983 336 330288
991 336 332976
997 360 358920
