5        10        5
6        15        3
11       22        11
12       33        3
23       46        23
24       69        3
47       94        47
48       141       3
50       145       5
51       150       3
101      202       101
102      303       3
105      308       7
110      319       11
111      330       3
117      338       13
233      466       233
234      699       3
467      934       467
468      1401      3
470      1405      5
471      1410      3
941      1882      941
942      2823      3
945      2828      7
1889     3778      1889
1890     5667      3
3779     7558      3779
3780     11337     3
7559     15118     7559
7560     22677     3
7566     22685     13
15131    30262     15131
15132    45393     3
15158    45421     53
15159    45474     3
15162    45479     7
30323    60646     30323
30324    90969     3
60647    121294    60647
60648    181941    3
60650    181945    5
60651    181950    3
60701    182002    101
60702    182103    3
121403   242806    121403
121404   364209    3
242807   485614    242807
242808   728421    3
242810   728425    5
242811   728430    3
242820   728441    19
242823   728462    7
242825   728470    5
242826   728475    3
242849   728500    47
242850   728547    3
242868   728567    37
242870   728605    5
242871   728610    3
242879   728620    17
242880   728637    3
242979   728738    199
243005   728962    53
243006   729015    3
243020   729031    29
243021   729060    3
486041   972082    486041
486042   1458123   3
486045   1458128   7
486255   1458344   421
486266   1458775   23
486267   1458798   3
972533   1945066   972533
972534   2917599   3
972822   2917889   577
972825   2918468   7
1945649  3891298   1945649
1945650  5836947   3
1945731  5837030   163
1945734  5837195   7
3891467  7782934   3891467
3891468  11674401  3
3891470  11674405  5
3891471  11674410  3
3891534  11674475  127
3891755  11674822  443
3891756  11675265  3
3891771  11675282  31
7783541  15567082  7783541
7783542  23350623  3
7783545  23350628  7
