Searched thru 100000
Searched thru 200000
Searched thru 300000
Searched thru 400000
Searched thru 500000
Searched thru 600000
Searched thru 700000
Searched thru 800000
Searched thru 900000
Searched thru 1000000
78498

Slope #Pts Points
2 3 [(2, 3), (3, 5), (4, 7)]
4 7 [(4, 7), (5, 11), (17, 59), (19, 67), (20, 71), (22, 79), (23, 83)]
4 8 [(6, 13), (7, 17), (10, 29), (12, 37), (13, 41), (16, 53), (18, 61), (21, 73)]
4 5 [(8, 19), (9, 23), (11, 31), (14, 43), (15, 47)]
6 6 [(9, 23), (10, 29), (140, 809), (142, 821), (148, 857), (152, 881)]
6 6 [(11, 31), (12, 37), (141, 811), (143, 823), (149, 859), (153, 883)]
4 5 [(12, 37), (13, 41), (16, 53), (18, 61), (21, 73)]
6 3 [(15, 47), (16, 53), (17, 59)]
6 8 [(18, 61), (19, 67), (129, 727), (130, 733), (131, 739), (133, 751), (134, 757), (136, 769)]
4 4 [(19, 67), (20, 71), (22, 79), (23, 83)]
6 4 [(21, 73), (22, 79), (25, 97), (127, 709)]
6 11 [(23, 83), (24, 89), (26, 101), (102, 557), (103, 563), (104, 569), (107, 587), (108, 593), (109, 599), (116, 641), (126, 701)]
8 7 [(24, 89), (25, 97), (942, 7433), (949, 7489), (954, 7529), (955, 7537), (987, 7793)]
4 3 [(31, 127), (32, 131), (34, 139)]
6 9 [(32, 131), (33, 137), (35, 149), (113, 617), (118, 647), (119, 653), (120, 659), (123, 677), (124, 683)]
10 5 [(34, 139), (35, 149), (6307, 62869), (6313, 62929), (6314, 62939)]
6 6 [(36, 151), (37, 157), (38, 163), (48, 223), (114, 619), (121, 661)]
6 5 [(37, 157), (38, 163), (48, 223), (114, 619), (121, 661)]
6 9 [(39, 167), (40, 173), (41, 179), (43, 191), (49, 227), (69, 347), (81, 419), (83, 431), (98, 521)]
6 8 [(40, 173), (41, 179), (43, 191), (49, 227), (69, 347), (81, 419), (83, 431), (98, 521)]
10 5 [(42, 181), (43, 191), (6282, 62581), (6283, 62591), (6294, 62701)]
12 3 [(46, 199), (47, 211), (48, 223)]
4 3 [(48, 223), (49, 227), (52, 239)]
4 3 [(50, 229), (51, 233), (53, 241)]
6 19 [(51, 233), (52, 239), (54, 251), (55, 257), (56, 263), (57, 269), (64, 311), (71, 353), (72, 359), (76, 383), (77, 389), (79, 401), (86, 443), (87, 449), (89, 461), (92, 479), (94, 491), (96, 503), (97, 509)]
6 17 [(54, 251), (55, 257), (56, 263), (57, 269), (64, 311), (71, 353), (72, 359), (76, 383), (77, 389), (79, 401), (86, 443), (87, 449), (89, 461), (92, 479), (94, 491), (96, 503), (97, 509)]
6 16 [(55, 257), (56, 263), (57, 269), (64, 311), (71, 353), (72, 359), (76, 383), (77, 389), (79, 401), (86, 443), (87, 449), (89, 461), (92, 479), (94, 491), (96, 503), (97, 509)]
6 15 [(56, 263), (57, 269), (64, 311), (71, 353), (72, 359), (76, 383), (77, 389), (79, 401), (86, 443), (87, 449), (89, 461), (92, 479), (94, 491), (96, 503), (97, 509)]
6 4 [(58, 271), (59, 277), (65, 313), (90, 463)]
10 6 [(61, 283), (62, 293), (6233, 62003), (6238, 62053), (6254, 62213), (6256, 62233)]
6 15 [(67, 331), (68, 337), (70, 349), (73, 367), (74, 373), (75, 379), (78, 397), (80, 409), (82, 421), (84, 433), (85, 439), (88, 457), (93, 487), (95, 499), (99, 523)]
10 3 [(68, 337), (69, 347), (6218, 61837)]
6 12 [(71, 353), (72, 359), (76, 383), (77, 389), (79, 401), (86, 443), (87, 449), (89, 461), (92, 479), (94, 491), (96, 503), (97, 509)]
8 5 [(72, 359), (73, 367), (846, 6551), (865, 6703), (867, 6719)]
6 12 [(73, 367), (74, 373), (75, 379), (78, 397), (80, 409), (82, 421), (84, 433), (85, 439), (88, 457), (93, 487), (95, 499), (99, 523)]
6 11 [(74, 373), (75, 379), (78, 397), (80, 409), (82, 421), (84, 433), (85, 439), (88, 457), (93, 487), (95, 499), (99, 523)]
6 10 [(76, 383), (77, 389), (79, 401), (86, 443), (87, 449), (89, 461), (92, 479), (94, 491), (96, 503), (97, 509)]
8 3 [(79, 401), (80, 409), (851, 6577)]
10 3 [(80, 409), (81, 419), (6212, 61729)]
10 4 [(82, 421), (83, 431), (6161, 61211), (6163, 61231)]
6 6 [(84, 433), (85, 439), (88, 457), (93, 487), (95, 499), (99, 523)]
6 7 [(86, 443), (87, 449), (89, 461), (92, 479), (94, 491), (96, 503), (97, 509)]
8 6 [(87, 449), (88, 457), (813, 6257), (837, 6449), (840, 6473), (841, 6481)]
12 3 [(91, 467), (92, 479), (39406, 472247)]
8 5 [(92, 479), (93, 487), (816, 6271), (818, 6287), (821, 6311)]
8 10 [(94, 491), (95, 499), (101, 547), (103, 563), (788, 6043), (791, 6067), (799, 6131), (803, 6163), (823, 6323), (836, 6427)]
12 16 [(97, 509), (98, 521), (39228, 470081), (39234, 470153), (39238, 470201), (39337, 471389), (39347, 471509), (39348, 471521), (39349, 471533), (39354, 471593), (39356, 471617), (39358, 471641), (39379, 471893), (39399, 472133), (39417, 472349), (39423, 472421)]
6 11 [(100, 541), (101, 547), (105, 571), (106, 577), (110, 601), (111, 607), (112, 613), (115, 631), (117, 643), (122, 673), (125, 691)]
10 5 [(101, 547), (102, 557), (6107, 60607), (6147, 61007), (6152, 61057)]
6 8 [(102, 557), (103, 563), (104, 569), (107, 587), (108, 593), (109, 599), (116, 641), (126, 701)]
6 7 [(103, 563), (104, 569), (107, 587), (108, 593), (109, 599), (116, 641), (126, 701)]
6 9 [(105, 571), (106, 577), (110, 601), (111, 607), (112, 613), (115, 631), (117, 643), (122, 673), (125, 691)]
10 7 [(106, 577), (107, 587), (6112, 60637), (6113, 60647), (6121, 60727), (6124, 60757), (6142, 60937)]
6 5 [(107, 587), (108, 593), (109, 599), (116, 641), (126, 701)]
6 4 [(108, 593), (109, 599), (116, 641), (126, 701)]
6 7 [(110, 601), (111, 607), (112, 613), (115, 631), (117, 643), (122, 673), (125, 691)]
6 6 [(111, 607), (112, 613), (115, 631), (117, 643), (122, 673), (125, 691)]
12 9 [(114, 619), (115, 631), (39010, 467371), (39019, 467479), (39020, 467491), (39163, 469207), (39164, 469219), (39175, 469351), (39176, 469363)]
6 5 [(118, 647), (119, 653), (120, 659), (123, 677), (124, 683)]
6 4 [(119, 653), (120, 659), (123, 677), (124, 683)]
12 6 [(121, 661), (122, 673), (38991, 467101), (39036, 467641), (39055, 467869), (39155, 469069)]
8 8 [(124, 683), (125, 691), (131, 739), (707, 5347), (716, 5419), (734, 5563), (746, 5659), (772, 5867)]
10 3 [(125, 691), (126, 701), (6083, 60271)]
8 13 [(126, 701), (127, 709), (130, 733), (718, 5437), (723, 5477), (726, 5501), (733, 5557), (747, 5669), (750, 5693), (751, 5701), (753, 5717), (757, 5749), (771, 5861)]
10 5 [(127, 709), (128, 719), (6065, 60089), (6077, 60209), (6082, 60259)]
8 7 [(128, 719), (129, 727), (717, 5431), (722, 5471), (752, 5711), (756, 5743), (779, 5927)]
6 6 [(129, 727), (130, 733), (131, 739), (133, 751), (134, 757), (136, 769)]
6 5 [(130, 733), (131, 739), (133, 751), (134, 757), (136, 769)]
8 9 [(132, 743), (133, 751), (708, 5351), (724, 5479), (727, 5503), (729, 5519), (738, 5591), (774, 5879), (777, 5903)]
6 3 [(133, 751), (134, 757), (136, 769)]
8 7 [(135, 761), (136, 769), (699, 5273), (702, 5297), (721, 5449), (730, 5521), (775, 5881)]
8 6 [(156, 911), (157, 919), (163, 967), (655, 4903), (657, 4919), (688, 5167)]
10 12 [(157, 919), (158, 929), (5968, 59029), (5972, 59069), (6005, 59399), (6019, 59539), (6028, 59629), (6032, 59669), (6035, 59699), (6038, 59729), (6043, 59779), (6046, 59809)]
8 4 [(158, 929), (159, 937), (693, 5209), (696, 5233)]
6 3 [(160, 941), (161, 947), (162, 953)]
6 3 [(164, 971), (165, 977), (166, 983)]
8 6 [(166, 983), (167, 991), (652, 4871), (661, 4943), (662, 4951), (664, 4967)]
6 8 [(167, 991), (168, 997), (172, 1021), (174, 1033), (175, 1039), (177, 1051), (179, 1063), (180, 1069)]
12 5 [(168, 997), (169, 1009), (38814, 464749), (38895, 465721), (38905, 465841)]
4 3 [(169, 1009), (170, 1013), (172, 1021)]
6 8 [(170, 1013), (171, 1019), (173, 1031), (176, 1049), (178, 1061), (184, 1097), (185, 1103), (186, 1109)]
10 4 [(172, 1021), (173, 1031), (5930, 58601), (5933, 58631)]
6 5 [(174, 1033), (175, 1039), (177, 1051), (179, 1063), (180, 1069)]
10 4 [(175, 1039), (176, 1049), (5926, 58549), (5929, 58579)]
10 4 [(177, 1051), (178, 1061), (5911, 58391), (5923, 58511)]
4 3 [(181, 1087), (182, 1091), (185, 1103)]
6 3 [(184, 1097), (185, 1103), (186, 1109)]
8 6 [(186, 1109), (187, 1117), (201, 1229), (226, 1429), (622, 4597), (639, 4733)]
6 3 [(187, 1117), (188, 1123), (189, 1129)]
10 4 [(191, 1153), (192, 1163), (5835, 57593), (5868, 57923)]
8 6 [(192, 1163), (193, 1171), (195, 1187), (225, 1427), (627, 4643), (637, 4723)]
10 10 [(193, 1171), (194, 1181), (5833, 57571), (5836, 57601), (5849, 57731), (5851, 57751), (5855, 57791), (5864, 57881), (5866, 57901), (5899, 58231)]
6 3 [(194, 1181), (195, 1187), (196, 1193)]
8 8 [(196, 1193), (197, 1201), (199, 1217), (223, 1409), (628, 4649), (638, 4729), (647, 4801), (649, 4817)]
12 9 [(197, 1201), (198, 1213), (38627, 462361), (38628, 462373), (38631, 462409), (38637, 462481), (38641, 462529), (38642, 462541), (38675, 462937)]
6 4 [(199, 1217), (200, 1223), (201, 1229), (214, 1307)]
6 3 [(200, 1223), (201, 1229), (214, 1307)]
12 4 [(203, 1237), (204, 1249), (38656, 462673), (38658, 462697)]
10 9 [(204, 1249), (205, 1259), (207, 1279), (5727, 56479), (5728, 56489), (5742, 56629), (5757, 56779), (5760, 56809), (5770, 56909)]
4 5 [(207, 1279), (208, 1283), (210, 1291), (213, 1303), (214, 1307)]
12 3 [(214, 1307), (215, 1319), (219, 1367)]
6 3 [(218, 1361), (219, 1367), (220, 1373)]
8 6 [(220, 1373), (221, 1381), (601, 4421), (610, 4493), (613, 4517), (617, 4549)]
10 11 [(222, 1399), (223, 1409), (5635, 55529), (5646, 55639), (5686, 56039), (5692, 56099), (5697, 56149), (5700, 56179), (5703, 56209), (5709, 56269), (5782, 56999)]
4 3 [(224, 1423), (225, 1427), (228, 1439)]
6 5 [(227, 1433), (228, 1439), (230, 1451), (236, 1487), (240, 1511)]
8 6 [(228, 1439), (229, 1447), (604, 4447), (619, 4567), (631, 4663), (633, 4679)]
4 3 [(229, 1447), (230, 1451), (232, 1459)]
6 3 [(231, 1453), (232, 1459), (237, 1489)]
10 3 [(233, 1471), (234, 1481), (5627, 55411)]
4 3 [(235, 1483), (236, 1487), (239, 1499)]
12 3 [(239, 1499), (240, 1511), (241, 1523)]
8 6 [(241, 1523), (242, 1531), (463, 3299), (578, 4219), (593, 4339), (596, 4363)]
12 4 [(242, 1531), (243, 1543), (38522, 460891), (38523, 460903)]
6 5 [(243, 1543), (244, 1549), (247, 1567), (249, 1579), (254, 1609)]
6 7 [(245, 1553), (246, 1559), (248, 1571), (250, 1583), (255, 1613), (256, 1619), (259, 1637)]
8 6 [(246, 1559), (247, 1567), (490, 3511), (492, 3527), (567, 4127), (580, 4231)]
8 15 [(248, 1571), (249, 1579), (285, 1867), (299, 1979), (300, 1987), (447, 3163), (458, 3251), (465, 3307), (488, 3491), (489, 3499), (540, 3907), (552, 4003), (563, 4091), (582, 4243), (584, 4259)]
4 5 [(251, 1597), (252, 1601), (254, 1609), (255, 1613), (257, 1621)]
4 3 [(254, 1609), (255, 1613), (257, 1621)]
6 3 [(255, 1613), (256, 1619), (259, 1637)]
10 7 [(258, 1627), (259, 1637), (262, 1667), (265, 1697), (5539, 54437), (5547, 54517), (5574, 54787)]
10 4 [(266, 1699), (267, 1709), (5541, 54449), (5552, 54559)]
12 4 [(267, 1709), (268, 1721), (38459, 460013), (38483, 460301)]
10 5 [(269, 1723), (270, 1733), (5553, 54563), (5559, 54623), (5564, 54673)]
8 25 [(270, 1733), (271, 1741), (288, 1877), (291, 1901), (295, 1933), (310, 2053), (312, 2069), (330, 2213), (331, 2221), (337, 2269), (345, 2333), (381, 2621), (388, 2677), (456, 3221), (457, 3229), (477, 3389), (480, 3413), (487, 3469), (496, 3541), (498, 3557), (501, 3581), (505, 3613), (528, 3797), (535, 3853), (556, 4021)]
6 4 [(271, 1741), (272, 1747), (273, 1753), (274, 1759)]
6 3 [(272, 1747), (273, 1753), (274, 1759)]
6 3 [(275, 1777), (276, 1783), (279, 1801)]
12 4 [(278, 1789), (279, 1801), (284, 1861), (38457, 459937)]
10 6 [(279, 1801), (280, 1811), (282, 1831), (286, 1871), (5508, 54091), (5509, 54101)]
12 3 [(280, 1811), (281, 1823), (283, 1847)]
8 23 [(281, 1823), (282, 1831), (297, 1951), (303, 1999), (311, 2063), (329, 2207), (333, 2239), (377, 2591), (386, 2663), (387, 2671), (452, 3191), (462, 3271), (471, 3343), (473, 3359), (479, 3407), (504, 3607), (512, 3671), (524, 3767), (531, 3823), (536, 3863), (543, 3919), (549, 3967), (573, 4159)]
10 9 [(289, 1879), (290, 1889), (296, 1949), (299, 1979), (5456, 53549), (5458, 53569), (5462, 53609), (5477, 53759), (5483, 53819)]
12 3 [(290, 1889), (291, 1901), (38445, 459749)]
6 3 [(291, 1901), (292, 1907), (293, 1913)]
6 5 [(298, 1973), (299, 1979), (302, 1997), (307, 2027), (309, 2039)]
8 12 [(299, 1979), (300, 1987), (447, 3163), (458, 3251), (465, 3307), (488, 3491), (489, 3499), (540, 3907), (552, 4003), (563, 4091), (582, 4243), (584, 4259)]
8 23 [(304, 2003), (305, 2011), (307, 2027), (314, 2083), (334, 2243), (335, 2251), (346, 2339), (370, 2531), (371, 2539), (376, 2579), (389, 2683), (461, 3259), (470, 3331), (472, 3347), (475, 3371), (497, 3547), (500, 3571), (511, 3659), (515, 3691), (526, 3779), (529, 3803), (544, 3923), (557, 4027)]
6 3 [(305, 2011), (306, 2017), (308, 2029)]
10 3 [(306, 2017), (307, 2027), (5470, 53657)]
10 3 [(308, 2029), (309, 2039), (312, 2069)]
6 4 [(311, 2063), (312, 2069), (315, 2087), (317, 2099)]
12 8 [(312, 2069), (313, 2081), (38346, 458477), (38348, 458501), (38354, 458573), (38358, 458621), (38367, 458729), (38388, 458981)]
10 10 [(316, 2089), (317, 2099), (320, 2129), (5393, 52859), (5395, 52879), (5416, 53089), (5434, 53269), (5435, 53279), (5437, 53299), (5438, 53309)]
12 3 [(317, 2099), (318, 2111), (38342, 458399)]
6 3 [(321, 2131), (322, 2137), (326, 2161)]
10 5 [(324, 2143), (325, 2153), (334, 2243), (5377, 52673), (5388, 52783)]
8 7 [(325, 2153), (326, 2161), (425, 2953), (431, 3001), (436, 3041), (437, 3049), (442, 3089)]
8 18 [(330, 2213), (331, 2221), (337, 2269), (345, 2333), (381, 2621), (388, 2677), (456, 3221), (457, 3229), (477, 3389), (480, 3413), (487, 3469), (496, 3541), (498, 3557), (501, 3581), (505, 3613), (528, 3797), (535, 3853), (556, 4021)]
8 19 [(334, 2243), (335, 2251), (346, 2339), (370, 2531), (371, 2539), (376, 2579), (389, 2683), (461, 3259), (470, 3331), (472, 3347), (475, 3371), (497, 3547), (500, 3571), (511, 3659), (515, 3691), (526, 3779), (529, 3803), (544, 3923), (557, 4027)]
8 12 [(338, 2273), (339, 2281), (369, 2521), (378, 2593), (446, 3137), (474, 3361), (503, 3593), (506, 3617), (513, 3673), (516, 3697), (525, 3769), (545, 3929)]
6 4 [(339, 2281), (340, 2287), (341, 2293), (344, 2311)]
6 3 [(340, 2287), (341, 2293), (344, 2311)]
12 4 [(342, 2297), (343, 2309), (345, 2333), (38323, 458069)]
6 6 [(345, 2333), (346, 2339), (353, 2381), (358, 2411), (359, 2417), (360, 2423)]
6 4 [(347, 2341), (348, 2347), (354, 2383), (355, 2389)]
6 4 [(349, 2351), (350, 2357), (356, 2393), (357, 2399)]
4 4 [(352, 2377), (353, 2381), (355, 2389), (356, 2393)]
12 5 [(357, 2399), (358, 2411), (38202, 456539), (38232, 456899), (38234, 456923)]
6 3 [(358, 2411), (359, 2417), (360, 2423)]
12 7 [(363, 2447), (364, 2459), (370, 2531), (38208, 456587), (38210, 456611), (38223, 456767), (38225, 456791)]
8 4 [(364, 2459), (365, 2467), (424, 2939), (427, 2963)]
10 8 [(369, 2521), (370, 2531), (5251, 51341), (5329, 52121), (5335, 52181), (5346, 52291), (5347, 52301), (5349, 52321)]
8 16 [(370, 2531), (371, 2539), (376, 2579), (389, 2683), (461, 3259), (470, 3331), (472, 3347), (475, 3371), (497, 3547), (500, 3571), (511, 3659), (515, 3691), (526, 3779), (529, 3803), (544, 3923), (557, 4027)]
4 3 [(371, 2539), (372, 2543), (374, 2551)]
12 3 [(376, 2579), (377, 2591), (38218, 456683)]
8 17 [(379, 2609), (380, 2617), (382, 2633), (449, 3169), (454, 3209), (455, 3217), (460, 3257), (469, 3329), (523, 3761), (527, 3793), (532, 3833), (538, 3881), (539, 3889), (560, 4057), (587, 4273), (589, 4289), (590, 4297)]
12 3 [(381, 2621), (382, 2633), (384, 2657)]
10 8 [(383, 2647), (384, 2657), (5238, 51197), (5249, 51307), (5253, 51347), (5261, 51427), (5324, 52057), (5325, 52067)]
8 15 [(386, 2663), (387, 2671), (452, 3191), (462, 3271), (471, 3343), (473, 3359), (479, 3407), (504, 3607), (512, 3671), (524, 3767), (531, 3823), (536, 3863), (543, 3919), (549, 3967), (573, 4159)]
6 5 [(387, 2671), (388, 2677), (389, 2683), (403, 2767), (409, 2803)]
6 4 [(388, 2677), (389, 2683), (403, 2767), (409, 2803)]
4 3 [(389, 2683), (390, 2687), (393, 2699)]
6 6 [(392, 2693), (393, 2699), (395, 2711), (398, 2729), (400, 2741), (402, 2753)]
8 6 [(393, 2699), (394, 2707), (432, 3011), (433, 3019), (439, 3067), (441, 3083)]
4 3 [(394, 2707), (395, 2711), (397, 2719)]
6 3 [(396, 2713), (397, 2719), (399, 2731)]
10 3 [(397, 2719), (398, 2729), (5204, 50789)]
8 6 [(400, 2741), (401, 2749), (407, 2797), (412, 2837), (421, 2909), (422, 2917)]
10 3 [(403, 2767), (404, 2777), (5197, 50707)]
6 3 [(412, 2837), (413, 2843), (416, 2861)]
8 3 [(413, 2843), (414, 2851), (429, 2971)]
8 4 [(417, 2879), (418, 2887), (420, 2903), (423, 2927)]
10 6 [(418, 2887), (419, 2897), (5179, 50497), (5182, 50527), (5188, 50587), (5192, 50627)]
6 3 [(419, 2897), (420, 2903), (421, 2909)]
10 3 [(422, 2917), (423, 2927), (426, 2957)]
12 3 [(423, 2927), (424, 2939), (37984, 453659)]
6 3 [(426, 2957), (427, 2963), (428, 2969)]
10 3 [(431, 3001), (432, 3011), (5186, 50551)]
8 4 [(432, 3011), (433, 3019), (439, 3067), (441, 3083)]
8 3 [(436, 3041), (437, 3049), (442, 3089)]
12 3 [(437, 3049), (438, 3061), (37944, 453133)]
12 3 [(439, 3067), (440, 3079), (447, 3163)]
10 6 [(443, 3109), (444, 3119), (449, 3169), (5124, 49919), (5165, 50329), (5168, 50359)]
12 5 [(449, 3169), (450, 3181), (37941, 453073), (37953, 453217), (37960, 453301)]
12 3 [(452, 3191), (453, 3203), (37938, 453023)]
6 3 [(453, 3203), (454, 3209), (456, 3221)]
8 13 [(454, 3209), (455, 3217), (460, 3257), (469, 3329), (523, 3761), (527, 3793), (532, 3833), (538, 3881), (539, 3889), (560, 4057), (587, 4273), (589, 4289), (590, 4297)]
8 12 [(456, 3221), (457, 3229), (477, 3389), (480, 3413), (487, 3469), (496, 3541), (498, 3557), (501, 3581), (505, 3613), (528, 3797), (535, 3853), (556, 4021)]
12 4 [(461, 3259), (462, 3271), (465, 3307), (37933, 452923)]
6 7 [(464, 3301), (465, 3307), (466, 3313), (467, 3319), (471, 3343), (474, 3361), (476, 3373)]
6 6 [(465, 3307), (466, 3313), (467, 3319), (471, 3343), (474, 3361), (476, 3373)]
6 5 [(466, 3313), (467, 3319), (471, 3343), (474, 3361), (476, 3373)]
4 3 [(467, 3319), (468, 3323), (470, 3331)]
6 3 [(468, 3323), (469, 3329), (472, 3347)]
12 4 [(472, 3347), (473, 3359), (37923, 452759), (37929, 452831)]
10 5 [(474, 3361), (475, 3371), (484, 3461), (5016, 48781), (5058, 49201)]
8 4 [(482, 3449), (483, 3457), (551, 4001), (581, 4241)]
8 7 [(488, 3491), (489, 3499), (540, 3907), (552, 4003), (563, 4091), (582, 4243), (584, 4259)]
12 4 [(489, 3499), (490, 3511), (37913, 452587), (37915, 452611)]
6 5 [(490, 3511), (491, 3517), (493, 3529), (500, 3571), (502, 3583)]
10 7 [(491, 3517), (492, 3527), (4973, 48337), (4988, 48487), (4992, 48527), (5007, 48677), (5030, 48907)]
4 3 [(493, 3529), (494, 3533), (496, 3541)]
6 3 [(494, 3533), (495, 3539), (498, 3557)]
6 3 [(496, 3541), (497, 3547), (499, 3559)]
10 4 [(497, 3547), (498, 3557), (4958, 48157), (4961, 48187)]
10 4 [(502, 3583), (503, 3593), (505, 3613), (4951, 48073)]
6 5 [(504, 3607), (505, 3613), (508, 3631), (509, 3637), (510, 3643)]
8 5 [(507, 3623), (508, 3631), (519, 3719), (520, 3727), (547, 3943)]
6 3 [(508, 3631), (509, 3637), (510, 3643)]
12 11 [(511, 3659), (512, 3671), (37703, 449963), (37705, 449987), (37712, 450071), (37831, 451499), (37833, 451523), (37835, 451547), (37846, 451679), (37858, 451823), (37861, 451859)]
6 3 [(515, 3691), (516, 3697), (518, 3709)]
8 3 [(517, 3701), (518, 3709), (521, 3733)]
10 12 [(518, 3709), (519, 3719), (4881, 47339), (4893, 47459), (4904, 47569), (4907, 47599), (4908, 47609), (4910, 47629), (4911, 47639), (4925, 47779), (4934, 47869), (4944, 47969)]
8 3 [(519, 3719), (520, 3727), (547, 3943)]
6 3 [(520, 3727), (521, 3733), (522, 3739)]
6 3 [(523, 3761), (524, 3767), (526, 3779)]
10 9 [(525, 3769), (526, 3779), (4860, 47119), (4879, 47309), (4887, 47389), (4890, 47419), (4914, 47659), (4929, 47809), (4930, 47819)]
10 5 [(531, 3823), (532, 3833), (4858, 47093), (4861, 47123), (4923, 47743)]
10 3 [(535, 3853), (536, 3863), (4864, 47143)]
8 6 [(538, 3881), (539, 3889), (560, 4057), (587, 4273), (589, 4289), (590, 4297)]
4 5 [(540, 3907), (541, 3911), (543, 3919), (544, 3923), (546, 3931)]
4 3 [(543, 3919), (544, 3923), (546, 3931)]
6 3 [(544, 3923), (545, 3929), (548, 3947)]
12 4 [(546, 3931), (547, 3943), (549, 3967), (552, 4003)]
6 3 [(553, 4007), (554, 4013), (555, 4019)]
12 4 [(562, 4079), (563, 4091), (37567, 448139), (37587, 448379)]
12 6 [(565, 4099), (566, 4111), (37556, 447991), (37557, 448003), (37559, 448027), (37570, 448159)]
10 4 [(575, 4201), (576, 4211), (4799, 46441), (4836, 46811)]
6 9 [(576, 4211), (577, 4217), (579, 4229), (581, 4241), (583, 4253), (584, 4259), (586, 4271), (588, 4283), (589, 4289)]
10 10 [(578, 4219), (579, 4229), (4796, 46399), (4805, 46489), (4806, 46499), (4821, 46649), (4833, 46769), (4838, 46819), (4839, 46829), (4845, 46889)]
10 7 [(580, 4231), (581, 4241), (4795, 46381), (4808, 46511), (4826, 46691), (4834, 46771), (4840, 46831)]
6 5 [(583, 4253), (584, 4259), (586, 4271), (588, 4283), (589, 4289)]
10 10 [(585, 4261), (586, 4271), (598, 4391), (601, 4421), (603, 4441), (4768, 46091), (4773, 46141), (4776, 46171), (4777, 46181), (4794, 46351)]
10 9 [(587, 4273), (588, 4283), (596, 4363), (597, 4373), (602, 4423), (4767, 46073), (4769, 46093), (4775, 46153), (4778, 46183)]
10 5 [(591, 4327), (592, 4337), (4789, 46307), (4791, 46327), (4792, 46337)]
10 8 [(593, 4339), (594, 4349), (600, 4409), (4764, 46049), (4781, 46219), (4782, 46229), (4787, 46279), (4790, 46309)]
8 3 [(594, 4349), (595, 4357), (597, 4373)]
10 7 [(596, 4363), (597, 4373), (602, 4423), (4767, 46073), (4769, 46093), (4775, 46153), (4778, 46183)]
12 8 [(599, 4397), (600, 4409), (601, 4421), (37487, 447053), (37494, 447137), (37501, 447221), (37502, 447233), (37504, 447257)]
12 7 [(600, 4409), (601, 4421), (37487, 447053), (37494, 447137), (37501, 447221), (37502, 447233), (37504, 447257)]
6 3 [(605, 4451), (606, 4457), (607, 4463)]
10 5 [(609, 4483), (610, 4493), (612, 4513), (4755, 45943), (4771, 46103)]
12 3 [(617, 4549), (618, 4561), (37469, 446773)]
8 3 [(620, 4583), (621, 4591), (635, 4703)]
6 3 [(621, 4591), (622, 4597), (623, 4603)]
4 3 [(626, 4639), (627, 4643), (629, 4651)]
6 4 [(627, 4643), (628, 4649), (632, 4673), (633, 4679)]
6 3 [(629, 4651), (630, 4657), (631, 4663)]
10 10 [(631, 4663), (632, 4673), (635, 4703), (637, 4723), (655, 4903), (4741, 45763), (4748, 45833), (4750, 45853), (4751, 45863), (4754, 45893)]
12 3 [(633, 4679), (634, 4691), (635, 4703)]
8 5 [(640, 4751), (641, 4759), (646, 4799), (650, 4831), (674, 5023)]
4 3 [(642, 4783), (643, 4787), (646, 4799)]
4 3 [(644, 4789), (645, 4793), (647, 4801)]
6 3 [(645, 4793), (646, 4799), (649, 4817)]
12 3 [(647, 4801), (648, 4813), (656, 4909)]
10 4 [(651, 4861), (652, 4871), (658, 4931), (4749, 45841)]
12 5 [(653, 4877), (654, 4889), (37420, 446081), (37424, 446129), (37425, 446141)]
10 5 [(656, 4909), (657, 4919), (4731, 45659), (4743, 45779), (4752, 45869)]
12 3 [(657, 4919), (658, 4931), (37421, 446087)]
6 3 [(660, 4937), (661, 4943), (666, 4973)]
8 3 [(661, 4943), (662, 4951), (664, 4967)]
6 5 [(662, 4951), (663, 4957), (665, 4969), (672, 5011), (674, 5023)]
10 4 [(663, 4957), (664, 4967), (4717, 45497), (4723, 45557)]
6 3 [(667, 4987), (668, 4993), (669, 4999)]
4 3 [(669, 4999), (670, 5003), (672, 5011)]
6 3 [(670, 5003), (671, 5009), (673, 5021)]
10 8 [(672, 5011), (673, 5021), (676, 5051), (679, 5081), (709, 5381), (4683, 45121), (4705, 45341), (4707, 45361)]
12 4 [(675, 5039), (676, 5051), (37374, 445427), (37380, 445499)]
8 3 [(676, 5051), (677, 5059), (683, 5107)]
12 3 [(680, 5087), (681, 5099), (37378, 445463)]
6 4 [(682, 5101), (683, 5107), (684, 5113), (685, 5119)]
6 3 [(683, 5107), (684, 5113), (685, 5119)]
10 5 [(690, 5179), (691, 5189), (693, 5209), (700, 5279), (712, 5399)]
8 3 [(691, 5189), (692, 5197), (697, 5237)]
12 3 [(692, 5197), (693, 5209), (37157, 442777)]
12 6 [(698, 5261), (699, 5273), (37131, 442457), (37132, 442469), (37158, 442781), (37161, 442817)]
6 3 [(702, 5297), (703, 5303), (704, 5309)]
10 5 [(705, 5323), (706, 5333), (714, 5413), (4678, 45053), (4681, 45083)]
6 6 [(709, 5381), (710, 5387), (711, 5393), (712, 5399), (715, 5417), (719, 5441)]
6 5 [(710, 5387), (711, 5393), (712, 5399), (715, 5417), (719, 5441)]
6 4 [(711, 5393), (712, 5399), (715, 5417), (719, 5441)]
6 4 [(713, 5407), (714, 5413), (717, 5431), (718, 5437)]
12 14 [(716, 5419), (717, 5431), (37073, 441703), (37118, 442243), (37210, 443347), (37215, 443407), (37227, 443551), (37236, 443659), (37263, 443983), (37271, 444079), (37293, 444343), (37305, 444487), (37338, 444883), (37345, 444967)]
4 3 [(718, 5437), (719, 5441), (721, 5449)]
6 4 [(722, 5471), (723, 5477), (728, 5507), (732, 5531)]
12 4 [(728, 5507), (729, 5519), (37014, 440939), (37049, 441359)]
6 4 [(733, 5557), (734, 5563), (735, 5569), (737, 5581)]
6 3 [(734, 5563), (735, 5569), (737, 5581)]
8 3 [(736, 5573), (737, 5581), (773, 5869)]
10 5 [(737, 5581), (738, 5591), (4568, 43891), (4578, 43991), (4581, 44021)]
6 5 [(741, 5641), (742, 5647), (748, 5683), (749, 5689), (751, 5701)]
10 11 [(746, 5659), (747, 5669), (749, 5689), (758, 5779), (4583, 44029), (4586, 44059), (4589, 44089), (4592, 44119), (4596, 44159), (4598, 44179), (4599, 44189)]
6 3 [(748, 5683), (749, 5689), (751, 5701)]
8 5 [(750, 5693), (751, 5701), (753, 5717), (757, 5749), (771, 5861)]
10 7 [(751, 5701), (752, 5711), (755, 5741), (760, 5791), (761, 5801), (4559, 43781), (4603, 44221)]
4 3 [(754, 5737), (755, 5741), (757, 5749)]
8 4 [(759, 5783), (760, 5791), (762, 5807), (766, 5839)]
10 4 [(760, 5791), (761, 5801), (4559, 43781), (4603, 44221)]
6 6 [(761, 5801), (762, 5807), (763, 5813), (771, 5861), (772, 5867), (774, 5879)]
6 5 [(762, 5807), (763, 5813), (771, 5861), (772, 5867), (774, 5879)]
6 4 [(764, 5821), (765, 5827), (769, 5851), (770, 5857)]
4 3 [(766, 5839), (767, 5843), (769, 5851)]
6 4 [(767, 5843), (768, 5849), (776, 5897), (777, 5903)]
4 3 [(770, 5857), (771, 5861), (773, 5869)]
6 3 [(771, 5861), (772, 5867), (774, 5879)]
10 4 [(773, 5869), (774, 5879), (780, 5939), (806, 6199)]
12 9 [(779, 5927), (780, 5939), (789, 6047), (36802, 438203), (36820, 438419), (36822, 438443), (36829, 438527), (36831, 438551), (36841, 438671)]
14 3 [(780, 5939), (781, 5953), (787, 6037)]
8 9 [(786, 6029), (787, 6037), (804, 6173), (810, 6221), (811, 6229), (817, 6277), (820, 6301), (822, 6317), (835, 6421)]
6 4 [(791, 6067), (792, 6073), (793, 6079), (795, 6091)]
6 3 [(792, 6073), (793, 6079), (795, 6091)]
10 3 [(793, 6079), (794, 6089), (4525, 43399)]
10 5 [(795, 6091), (796, 6101), (798, 6121), (799, 6131), (4527, 43411)]
8 5 [(797, 6113), (798, 6121), (824, 6329), (825, 6337), (827, 6353)]
10 3 [(798, 6121), (799, 6131), (4527, 43411)]
10 5 [(800, 6133), (801, 6143), (803, 6163), (804, 6173), (807, 6203)]
8 4 [(801, 6143), (802, 6151), (826, 6343), (828, 6359)]
12 4 [(802, 6151), (803, 6163), (806, 6199), (36797, 438091)]
10 3 [(803, 6163), (804, 6173), (807, 6203)]
8 4 [(807, 6203), (808, 6211), (819, 6299), (838, 6451)]
6 3 [(808, 6211), (809, 6217), (811, 6229)]
8 6 [(810, 6221), (811, 6229), (817, 6277), (820, 6301), (822, 6317), (835, 6421)]
6 4 [(813, 6257), (814, 6263), (815, 6269), (818, 6287)]
6 3 [(814, 6263), (815, 6269), (818, 6287)]
10 5 [(817, 6277), (818, 6287), (4340, 41507), (4349, 41597), (4378, 41887)]
10 8 [(820, 6301), (821, 6311), (4303, 41131), (4304, 41141), (4339, 41491), (4370, 41801), (4375, 41851), (4384, 41941)]
6 4 [(821, 6311), (822, 6317), (823, 6323), (824, 6329)]
6 3 [(822, 6317), (823, 6323), (824, 6329)]
8 3 [(824, 6329), (825, 6337), (827, 6353)]
6 6 [(825, 6337), (826, 6343), (829, 6361), (830, 6367), (831, 6373), (832, 6379)]
10 18 [(826, 6343), (827, 6353), (847, 6553), (848, 6563), (857, 6653), (4261, 40693), (4268, 40763), (4274, 40823), (4291, 40993), (4294, 41023), (4310, 41183), (4325, 41333), (4393, 42013), (4411, 42193), (4420, 42283), (4421, 42293), (4424, 42323), (4429, 42373)]
6 3 [(827, 6353), (828, 6359), (833, 6389)]
6 4 [(829, 6361), (830, 6367), (831, 6373), (832, 6379)]
6 3 [(830, 6367), (831, 6373), (832, 6379)]
10 9 [(832, 6379), (833, 6389), (872, 6779), (4324, 41299), (4435, 42409), (4451, 42569), (4484, 42899), (4487, 42929), (4499, 43049)]
10 9 [(841, 6481), (842, 6491), (850, 6571), (859, 6661), (4289, 40961), (4315, 41221), (4358, 41651), (4361, 41681), (4403, 42101)]
8 4 [(843, 6521), (844, 6529), (847, 6553), (849, 6569)]
10 16 [(847, 6553), (848, 6563), (857, 6653), (4261, 40693), (4268, 40763), (4274, 40823), (4291, 40993), (4294, 41023), (4310, 41183), (4325, 41333), (4393, 42013), (4411, 42193), (4420, 42283), (4421, 42293), (4424, 42323), (4429, 42373)]
12 3 [(859, 6661), (860, 6673), (36720, 436993)]
6 5 [(860, 6673), (861, 6679), (863, 6691), (865, 6703), (866, 6709)]
10 15 [(861, 6679), (862, 6689), (4263, 40699), (4264, 40709), (4278, 40849), (4281, 40879), (4287, 40939), (4288, 40949), (4359, 41659), (4360, 41669), (4395, 42019), (4402, 42089), (4417, 42239), (4458, 42649), (4462, 42689)]
10 7 [(863, 6691), (864, 6701), (870, 6761), (4317, 41231), (4439, 42451), (4455, 42611), (4464, 42701)]
10 12 [(866, 6709), (867, 6719), (4241, 40459), (4322, 41269), (4454, 42589), (4466, 42709), (4467, 42719), (4478, 42829), (4479, 42839), (4493, 42979), (4494, 42989), (4497, 43019)]
14 3 [(867, 6719), (868, 6733), (870, 6761)]
10 10 [(873, 6781), (874, 6791), (4242, 40471), (4323, 41281), (4441, 42461), (4452, 42571), (4477, 42821), (4485, 42901), (4491, 42961), (4500, 43051)]
10 10 [(875, 6793), (876, 6803), (4245, 40493), (4254, 40583), (4442, 42463), (4449, 42533), (4470, 42743), (4473, 42773), (4475, 42793), (4481, 42853)]
8 3 [(880, 6833), (881, 6841), (901, 7001)]
6 3 [(882, 6857), (883, 6863), (884, 6869)]
12 14 [(885, 6871), (886, 6883), (888, 6907), (36488, 434107), (36493, 434167), (36494, 434179), (36495, 434191), (36533, 434647), (36534, 434659), (36539, 434719), (36549, 434839), (36574, 435139), (36609, 435559), (36658, 436147)]
8 3 [(887, 6899), (888, 6907), (896, 6971)]
10 4 [(892, 6949), (893, 6959), (4447, 42499), (4448, 42509)]
6 4 [(894, 6961), (895, 6967), (899, 6991), (900, 6997)]
6 4 [(896, 6971), (897, 6977), (898, 6983), (901, 7001)]
6 3 [(897, 6977), (898, 6983), (901, 7001)]
8 3 [(898, 6983), (899, 6991), (905, 7039)]
12 16 [(901, 7001), (902, 7013), (36197, 430553), (36200, 430589), (36201, 430601), (36215, 430769), (36292, 431693), (36317, 431993), (36406, 433061), (36407, 433073), (36417, 433193), (36420, 433229), (36421, 433241), (36456, 433661), (36474, 433877), (36622, 435653)]
8 3 [(903, 7019), (904, 7027), (906, 7043)]
12 17 [(904, 7027), (905, 7039), (36202, 430603), (36220, 430819), (36291, 431671), (36309, 431887), (36319, 432007), (36321, 432031), (36394, 432907), (36396, 432931), (36402, 433003), (36409, 433087), (36419, 433207), (36457, 433663), (36462, 433723), (36464, 433747), (36465, 433759)]
12 17 [(907, 7057), (908, 7069), (917, 7177), (36190, 430453), (36224, 430861), (36225, 430873), (36279, 431521), (36280, 431533), (36313, 431929), (36322, 432037), (36329, 432121), (36342, 432277), (36410, 433093), (36412, 433117), (36414, 433141), (36448, 433549), (36463, 433729)]
10 9 [(908, 7069), (909, 7079), (914, 7129), (923, 7219), (924, 7229), (932, 7309), (936, 7349), (938, 7369), (954, 7529)]
12 15 [(911, 7109), (912, 7121), (36195, 430517), (36222, 430841), (36278, 431513), (36287, 431621), (36330, 432137), (36393, 432893), (36401, 432989), (36423, 433253), (36450, 433577), (36458, 433673), (36467, 433781), (36470, 433817), (36476, 433889)]
8 3 [(915, 7151), (916, 7159), (927, 7247)]
10 5 [(917, 7177), (918, 7187), (920, 7207), (941, 7417), (948, 7487)]
4 3 [(920, 7207), (921, 7211), (923, 7219)]
10 6 [(923, 7219), (924, 7229), (932, 7309), (936, 7349), (938, 7369), (954, 7529)]
10 4 [(930, 7297), (931, 7307), (951, 7507), (952, 7517)]
12 9 [(932, 7309), (933, 7321), (939, 7393), (941, 7417), (946, 7477), (36371, 432577), (36374, 432613), (36376, 432637), (36378, 432661)]
4 3 [(946, 7477), (947, 7481), (949, 7489)]
6 3 [(947, 7481), (948, 7487), (950, 7499)]
8 3 [(950, 7499), (951, 7507), (953, 7523)]
6 10 [(952, 7517), (953, 7523), (954, 7529), (956, 7541), (957, 7547), (959, 7559), (962, 7577), (963, 7583), (964, 7589), (967, 7607)]
6 9 [(953, 7523), (954, 7529), (956, 7541), (957, 7547), (959, 7559), (962, 7577), (963, 7583), (964, 7589), (967, 7607)]
8 3 [(954, 7529), (955, 7537), (987, 7793)]
4 3 [(955, 7537), (956, 7541), (958, 7549)]
6 7 [(956, 7541), (957, 7547), (959, 7559), (962, 7577), (963, 7583), (964, 7589), (967, 7607)]
10 16 [(958, 7549), (959, 7559), (4169, 39659), (4174, 39709), (4175, 39719), (4178, 39749), (4180, 39769), (4181, 39779), (4183, 39799), (4186, 39829), (4187, 39839), (4201, 39979), (4204, 40009), (4216, 40129), (4220, 40169), (4222, 40189)]
12 9 [(960, 7561), (961, 7573), (36036, 428473), (36039, 428509), (36043, 428557), (36064, 428809), (36161, 429973), (36164, 430009), (36171, 430093)]
6 4 [(962, 7577), (963, 7583), (964, 7589), (967, 7607)]
6 3 [(963, 7583), (964, 7589), (967, 7607)]
12 4 [(965, 7591), (966, 7603), (969, 7639), (35994, 427939)]
8 3 [(973, 7673), (974, 7681), (983, 7753)]
6 3 [(974, 7681), (975, 7687), (977, 7699)]
8 3 [(976, 7691), (977, 7699), (980, 7723)]
12 5 [(982, 7741), (983, 7753), (986, 7789), (35940, 427237), (36018, 428173)]
6 3 [(988, 7817), (989, 7823), (990, 7829)]
12 5 [(990, 7829), (991, 7841), (992, 7853), (35941, 427241), (36019, 428177)]
12 4 [(991, 7841), (992, 7853), (35941, 427241), (36019, 428177)]
12 5 [(999, 7907), (1000, 7919), (35891, 426611), (35929, 427067), (35936, 427151)]

Max slope: 14

Max points: 25
