Squares of numbers with the form 1+

1
121
12321
1234321
123454321
12345654321
1234567654321
123456787654321
12345678987654321
1234567900987654321
123456790120987654321
12345679012320987654321
1234567901234320987654321
123456790123454320987654321
12345679012345654320987654321
1234567901234567654320987654321
123456790123456787654320987654321
12345679012345678987654320987654321
1234567901234567900987654320987654321
123456790123456790120987654320987654321
12345679012345679012320987654320987654321
1234567901234567901234320987654320987654321
123456790123456790123454320987654320987654321
12345679012345679012345654320987654320987654321
1234567901234567901234567654320987654320987654321
123456790123456790123456787654320987654320987654321
12345679012345679012345678987654320987654320987654321
1234567901234567901234567900987654320987654320987654321
123456790123456790123456790120987654320987654320987654321
12345679012345679012345679012320987654320987654320987654321
1234567901234567901234567901234320987654320987654320987654321
123456790123456790123456790123454320987654320987654320987654321
12345679012345679012345679012345654320987654320987654320987654321
1234567901234567901234567901234567654320987654320987654320987654321
123456790123456790123456790123456787654320987654320987654320987654321
12345679012345679012345679012345678987654320987654320987654320987654321
1234567901234567901234567901234567900987654320987654320987654320987654321
123456790123456790123456790123456790120987654320987654320987654320987654321
12345679012345679012345679012345679012320987654320987654320987654320987654321
1234567901234567901234567901234567901234320987654320987654320987654320987654321
123456790123456790123456790123456790123454320987654320987654320987654320987654321
12345679012345679012345679012345679012345654320987654320987654320987654320987654321
1234567901234567901234567901234567901234567654320987654320987654320987654320987654321
123456790123456790123456790123456790123456787654320987654320987654320987654320987654321
12345679012345679012345679012345679012345678987654320987654320987654320987654320987654321
1234567901234567901234567901234567901234567900987654320987654320987654320987654320987654321
123456790123456790123456790123456790123456790120987654320987654320987654320987654320987654321
12345679012345679012345679012345679012345679012320987654320987654320987654320987654320987654321
1234567901234567901234567901234567901234567901234320987654320987654320987654320987654320987654321
123456790123456790123456790123456790123456790123454320987654320987654320987654320987654320987654321



Squares of numbers with the form 2+

4
484
49284
4937284
493817284
49382617284
4938270617284
493827150617284
49382715950617284
4938271603950617284
493827160483950617284
49382716049283950617284
4938271604937283950617284
493827160493817283950617284
49382716049382617283950617284
4938271604938270617283950617284
493827160493827150617283950617284
49382716049382715950617283950617284
4938271604938271603950617283950617284
493827160493827160483950617283950617284
49382716049382716049283950617283950617284
4938271604938271604937283950617283950617284
493827160493827160493817283950617283950617284
49382716049382716049382617283950617283950617284
4938271604938271604938270617283950617283950617284
493827160493827160493827150617283950617283950617284
49382716049382716049382715950617283950617283950617284
4938271604938271604938271603950617283950617283950617284
493827160493827160493827160483950617283950617283950617284
49382716049382716049382716049283950617283950617283950617284
4938271604938271604938271604937283950617283950617283950617284
493827160493827160493827160493817283950617283950617283950617284
49382716049382716049382716049382617283950617283950617283950617284
4938271604938271604938271604938270617283950617283950617283950617284
493827160493827160493827160493827150617283950617283950617283950617284
49382716049382716049382716049382715950617283950617283950617283950617284
4938271604938271604938271604938271603950617283950617283950617283950617284
493827160493827160493827160493827160483950617283950617283950617283950617284
49382716049382716049382716049382716049283950617283950617283950617283950617284
4938271604938271604938271604938271604937283950617283950617283950617283950617284
493827160493827160493827160493827160493817283950617283950617283950617283950617284
49382716049382716049382716049382716049382617283950617283950617283950617283950617284
4938271604938271604938271604938271604938270617283950617283950617283950617283950617284
493827160493827160493827160493827160493827150617283950617283950617283950617283950617284
49382716049382716049382716049382716049382715950617283950617283950617283950617283950617284
4938271604938271604938271604938271604938271603950617283950617283950617283950617283950617284
493827160493827160493827160493827160493827160483950617283950617283950617283950617283950617284
49382716049382716049382716049382716049382716049283950617283950617283950617283950617283950617284
4938271604938271604938271604938271604938271604937283950617283950617283950617283950617283950617284
493827160493827160493827160493827160493827160493817283950617283950617283950617283950617283950617284



Squares of numbers with the form 3+

9
1089
110889
11108889
1111088889
111110888889
11111108888889
1111111088888889
111111110888888889
11111111108888888889
1111111111088888888889
111111111110888888888889
11111111111108888888888889
1111111111111088888888888889
111111111111110888888888888889
11111111111111108888888888888889
1111111111111111088888888888888889
111111111111111110888888888888888889
11111111111111111108888888888888888889
1111111111111111111088888888888888888889
111111111111111111110888888888888888888889
11111111111111111111108888888888888888888889
1111111111111111111111088888888888888888888889
111111111111111111111110888888888888888888888889
11111111111111111111111108888888888888888888888889
1111111111111111111111111088888888888888888888888889
111111111111111111111111110888888888888888888888888889
11111111111111111111111111108888888888888888888888888889
1111111111111111111111111111088888888888888888888888888889
111111111111111111111111111110888888888888888888888888888889
11111111111111111111111111111108888888888888888888888888888889
1111111111111111111111111111111088888888888888888888888888888889
111111111111111111111111111111110888888888888888888888888888888889
11111111111111111111111111111111108888888888888888888888888888888889
1111111111111111111111111111111111088888888888888888888888888888888889
111111111111111111111111111111111110888888888888888888888888888888888889
11111111111111111111111111111111111108888888888888888888888888888888888889
1111111111111111111111111111111111111088888888888888888888888888888888888889
111111111111111111111111111111111111110888888888888888888888888888888888888889
11111111111111111111111111111111111111108888888888888888888888888888888888888889
1111111111111111111111111111111111111111088888888888888888888888888888888888888889
111111111111111111111111111111111111111110888888888888888888888888888888888888888889
11111111111111111111111111111111111111111108888888888888888888888888888888888888888889
1111111111111111111111111111111111111111111088888888888888888888888888888888888888888889
111111111111111111111111111111111111111111110888888888888888888888888888888888888888888889
11111111111111111111111111111111111111111111108888888888888888888888888888888888888888888889
1111111111111111111111111111111111111111111111088888888888888888888888888888888888888888888889
111111111111111111111111111111111111111111111110888888888888888888888888888888888888888888888889
11111111111111111111111111111111111111111111111108888888888888888888888888888888888888888888888889
1111111111111111111111111111111111111111111111111088888888888888888888888888888888888888888888888889



Squares of numbers with the form 4+

16
1936
197136
19749136
1975269136
197530469136
19753082469136
1975308602469136
197530863802469136
19753086415802469136
1975308641935802469136
197530864197135802469136
19753086419749135802469136
1975308641975269135802469136
197530864197530469135802469136
19753086419753082469135802469136
1975308641975308602469135802469136
197530864197530863802469135802469136
19753086419753086415802469135802469136
1975308641975308641935802469135802469136
197530864197530864197135802469135802469136
19753086419753086419749135802469135802469136
1975308641975308641975269135802469135802469136
197530864197530864197530469135802469135802469136
19753086419753086419753082469135802469135802469136
1975308641975308641975308602469135802469135802469136
197530864197530864197530863802469135802469135802469136
19753086419753086419753086415802469135802469135802469136
1975308641975308641975308641935802469135802469135802469136
197530864197530864197530864197135802469135802469135802469136
19753086419753086419753086419749135802469135802469135802469136
1975308641975308641975308641975269135802469135802469135802469136
197530864197530864197530864197530469135802469135802469135802469136
19753086419753086419753086419753082469135802469135802469135802469136
1975308641975308641975308641975308602469135802469135802469135802469136
197530864197530864197530864197530863802469135802469135802469135802469136
19753086419753086419753086419753086415802469135802469135802469135802469136
1975308641975308641975308641975308641935802469135802469135802469135802469136
197530864197530864197530864197530864197135802469135802469135802469135802469136
19753086419753086419753086419753086419749135802469135802469135802469135802469136
1975308641975308641975308641975308641975269135802469135802469135802469135802469136
197530864197530864197530864197530864197530469135802469135802469135802469135802469136
19753086419753086419753086419753086419753082469135802469135802469135802469135802469136
1975308641975308641975308641975308641975308602469135802469135802469135802469135802469136
197530864197530864197530864197530864197530863802469135802469135802469135802469135802469136
19753086419753086419753086419753086419753086415802469135802469135802469135802469135802469136
1975308641975308641975308641975308641975308641935802469135802469135802469135802469135802469136
197530864197530864197530864197530864197530864197135802469135802469135802469135802469135802469136
19753086419753086419753086419753086419753086419749135802469135802469135802469135802469135802469136
1975308641975308641975308641975308641975308641975269135802469135802469135802469135802469135802469136



Squares of numbers with the form 5+

25
3025
308025
30858025
3086358025
308641358025
30864191358025
3086419691358025
308641974691358025
30864197524691358025
3086419753024691358025
308641975308024691358025
30864197530858024691358025
3086419753086358024691358025
308641975308641358024691358025
30864197530864191358024691358025
3086419753086419691358024691358025
308641975308641974691358024691358025
30864197530864197524691358024691358025
3086419753086419753024691358024691358025
308641975308641975308024691358024691358025
30864197530864197530858024691358024691358025
3086419753086419753086358024691358024691358025
308641975308641975308641358024691358024691358025
30864197530864197530864191358024691358024691358025
3086419753086419753086419691358024691358024691358025
308641975308641975308641974691358024691358024691358025
30864197530864197530864197524691358024691358024691358025
3086419753086419753086419753024691358024691358024691358025
308641975308641975308641975308024691358024691358024691358025
30864197530864197530864197530858024691358024691358024691358025
3086419753086419753086419753086358024691358024691358024691358025
308641975308641975308641975308641358024691358024691358024691358025
30864197530864197530864197530864191358024691358024691358024691358025
3086419753086419753086419753086419691358024691358024691358024691358025
308641975308641975308641975308641974691358024691358024691358024691358025
30864197530864197530864197530864197524691358024691358024691358024691358025
3086419753086419753086419753086419753024691358024691358024691358024691358025
308641975308641975308641975308641975308024691358024691358024691358024691358025
30864197530864197530864197530864197530858024691358024691358024691358024691358025
3086419753086419753086419753086419753086358024691358024691358024691358024691358025
308641975308641975308641975308641975308641358024691358024691358024691358024691358025
30864197530864197530864197530864197530864191358024691358024691358024691358024691358025
3086419753086419753086419753086419753086419691358024691358024691358024691358024691358025
308641975308641975308641975308641975308641974691358024691358024691358024691358024691358025
30864197530864197530864197530864197530864197524691358024691358024691358024691358024691358025
3086419753086419753086419753086419753086419753024691358024691358024691358024691358024691358025
308641975308641975308641975308641975308641975308024691358024691358024691358024691358024691358025
30864197530864197530864197530864197530864197530858024691358024691358024691358024691358024691358025
3086419753086419753086419753086419753086419753086358024691358024691358024691358024691358024691358025



Squares of numbers with the form 6+

36
4356
443556
44435556
4444355556
444443555556
44444435555556
4444444355555556
444444443555555556
44444444435555555556
4444444444355555555556
444444444443555555555556
44444444444435555555555556
4444444444444355555555555556
444444444444443555555555555556
44444444444444435555555555555556
4444444444444444355555555555555556
444444444444444443555555555555555556
44444444444444444435555555555555555556
4444444444444444444355555555555555555556
444444444444444444443555555555555555555556
44444444444444444444435555555555555555555556
4444444444444444444444355555555555555555555556
444444444444444444444443555555555555555555555556
44444444444444444444444435555555555555555555555556
4444444444444444444444444355555555555555555555555556
444444444444444444444444443555555555555555555555555556
44444444444444444444444444435555555555555555555555555556
4444444444444444444444444444355555555555555555555555555556
444444444444444444444444444443555555555555555555555555555556
44444444444444444444444444444435555555555555555555555555555556
4444444444444444444444444444444355555555555555555555555555555556
444444444444444444444444444444443555555555555555555555555555555556
44444444444444444444444444444444435555555555555555555555555555555556
4444444444444444444444444444444444355555555555555555555555555555555556
444444444444444444444444444444444443555555555555555555555555555555555556
44444444444444444444444444444444444435555555555555555555555555555555555556
4444444444444444444444444444444444444355555555555555555555555555555555555556
444444444444444444444444444444444444443555555555555555555555555555555555555556
44444444444444444444444444444444444444435555555555555555555555555555555555555556
4444444444444444444444444444444444444444355555555555555555555555555555555555555556
444444444444444444444444444444444444444443555555555555555555555555555555555555555556
44444444444444444444444444444444444444444435555555555555555555555555555555555555555556
4444444444444444444444444444444444444444444355555555555555555555555555555555555555555556
444444444444444444444444444444444444444444443555555555555555555555555555555555555555555556
44444444444444444444444444444444444444444444435555555555555555555555555555555555555555555556
4444444444444444444444444444444444444444444444355555555555555555555555555555555555555555555556
444444444444444444444444444444444444444444444443555555555555555555555555555555555555555555555556
44444444444444444444444444444444444444444444444435555555555555555555555555555555555555555555555556
4444444444444444444444444444444444444444444444444355555555555555555555555555555555555555555555555556



Squares of numbers with the form 7+

49
5929
603729
60481729
6049261729
604937061729
60493815061729
6049382595061729
604938270395061729
60493827148395061729
6049382715928395061729
604938271603728395061729
60493827160481728395061729
6049382716049261728395061729
604938271604937061728395061729
60493827160493815061728395061729
6049382716049382595061728395061729
604938271604938270395061728395061729
60493827160493827148395061728395061729
6049382716049382715928395061728395061729
604938271604938271603728395061728395061729
60493827160493827160481728395061728395061729
6049382716049382716049261728395061728395061729
604938271604938271604937061728395061728395061729
60493827160493827160493815061728395061728395061729
6049382716049382716049382595061728395061728395061729
604938271604938271604938270395061728395061728395061729
60493827160493827160493827148395061728395061728395061729
6049382716049382716049382715928395061728395061728395061729
604938271604938271604938271603728395061728395061728395061729
60493827160493827160493827160481728395061728395061728395061729
6049382716049382716049382716049261728395061728395061728395061729
604938271604938271604938271604937061728395061728395061728395061729
60493827160493827160493827160493815061728395061728395061728395061729
6049382716049382716049382716049382595061728395061728395061728395061729
604938271604938271604938271604938270395061728395061728395061728395061729
60493827160493827160493827160493827148395061728395061728395061728395061729
6049382716049382716049382716049382715928395061728395061728395061728395061729
604938271604938271604938271604938271603728395061728395061728395061728395061729
60493827160493827160493827160493827160481728395061728395061728395061728395061729
6049382716049382716049382716049382716049261728395061728395061728395061728395061729
604938271604938271604938271604938271604937061728395061728395061728395061728395061729
60493827160493827160493827160493827160493815061728395061728395061728395061728395061729
6049382716049382716049382716049382716049382595061728395061728395061728395061728395061729
604938271604938271604938271604938271604938270395061728395061728395061728395061728395061729
60493827160493827160493827160493827160493827148395061728395061728395061728395061728395061729
6049382716049382716049382716049382716049382715928395061728395061728395061728395061728395061729
604938271604938271604938271604938271604938271603728395061728395061728395061728395061728395061729
60493827160493827160493827160493827160493827160481728395061728395061728395061728395061728395061729
6049382716049382716049382716049382716049382716049261728395061728395061728395061728395061728395061729



Squares of numbers with the form 8+

64
7744
788544
78996544
7901076544
790121876544
79012329876544
7901234409876544
790123455209876544
79012345663209876544
7901234567743209876544
790123456788543209876544
79012345678996543209876544
7901234567901076543209876544
790123456790121876543209876544
79012345679012329876543209876544
7901234567901234409876543209876544
790123456790123455209876543209876544
79012345679012345663209876543209876544
7901234567901234567743209876543209876544
790123456790123456788543209876543209876544
79012345679012345678996543209876543209876544
7901234567901234567901076543209876543209876544
790123456790123456790121876543209876543209876544
79012345679012345679012329876543209876543209876544
7901234567901234567901234409876543209876543209876544
790123456790123456790123455209876543209876543209876544
79012345679012345679012345663209876543209876543209876544
7901234567901234567901234567743209876543209876543209876544
790123456790123456790123456788543209876543209876543209876544
79012345679012345679012345678996543209876543209876543209876544
7901234567901234567901234567901076543209876543209876543209876544
790123456790123456790123456790121876543209876543209876543209876544
79012345679012345679012345679012329876543209876543209876543209876544
7901234567901234567901234567901234409876543209876543209876543209876544
790123456790123456790123456790123455209876543209876543209876543209876544
79012345679012345679012345679012345663209876543209876543209876543209876544
7901234567901234567901234567901234567743209876543209876543209876543209876544
790123456790123456790123456790123456788543209876543209876543209876543209876544
79012345679012345679012345679012345678996543209876543209876543209876543209876544
7901234567901234567901234567901234567901076543209876543209876543209876543209876544
790123456790123456790123456790123456790121876543209876543209876543209876543209876544
79012345679012345679012345679012345679012329876543209876543209876543209876543209876544
7901234567901234567901234567901234567901234409876543209876543209876543209876543209876544
790123456790123456790123456790123456790123455209876543209876543209876543209876543209876544
79012345679012345679012345679012345679012345663209876543209876543209876543209876543209876544
7901234567901234567901234567901234567901234567743209876543209876543209876543209876543209876544
790123456790123456790123456790123456790123456788543209876543209876543209876543209876543209876544
79012345679012345679012345679012345679012345678996543209876543209876543209876543209876543209876544
7901234567901234567901234567901234567901234567901076543209876543209876543209876543209876543209876544



Squares of numbers with the form 9+

81
9801
998001
99980001
9999800001
999998000001
99999980000001
9999999800000001
999999998000000001
99999999980000000001
9999999999800000000001
999999999998000000000001
99999999999980000000000001
9999999999999800000000000001
999999999999998000000000000001
99999999999999980000000000000001
9999999999999999800000000000000001
999999999999999998000000000000000001
99999999999999999980000000000000000001
9999999999999999999800000000000000000001
999999999999999999998000000000000000000001
99999999999999999999980000000000000000000001
9999999999999999999999800000000000000000000001
999999999999999999999998000000000000000000000001
99999999999999999999999980000000000000000000000001
9999999999999999999999999800000000000000000000000001
999999999999999999999999998000000000000000000000000001
99999999999999999999999999980000000000000000000000000001
9999999999999999999999999999800000000000000000000000000001
999999999999999999999999999998000000000000000000000000000001
99999999999999999999999999999980000000000000000000000000000001
9999999999999999999999999999999800000000000000000000000000000001
999999999999999999999999999999998000000000000000000000000000000001
99999999999999999999999999999999980000000000000000000000000000000001
9999999999999999999999999999999999800000000000000000000000000000000001
999999999999999999999999999999999998000000000000000000000000000000000001
99999999999999999999999999999999999980000000000000000000000000000000000001
9999999999999999999999999999999999999800000000000000000000000000000000000001
999999999999999999999999999999999999998000000000000000000000000000000000000001
99999999999999999999999999999999999999980000000000000000000000000000000000000001
9999999999999999999999999999999999999999800000000000000000000000000000000000000001
999999999999999999999999999999999999999998000000000000000000000000000000000000000001
99999999999999999999999999999999999999999980000000000000000000000000000000000000000001
9999999999999999999999999999999999999999999800000000000000000000000000000000000000000001
999999999999999999999999999999999999999999998000000000000000000000000000000000000000000001
99999999999999999999999999999999999999999999980000000000000000000000000000000000000000000001
9999999999999999999999999999999999999999999999800000000000000000000000000000000000000000000001
999999999999999999999999999999999999999999999998000000000000000000000000000000000000000000000001
99999999999999999999999999999999999999999999999980000000000000000000000000000000000000000000000001
9999999999999999999999999999999999999999999999999800000000000000000000000000000000000000000000000001



