Primitive postive integer solutions to a^3 + b^3 + c^3 = d^3 up to 100^3
(i.e. solutions where gcd(a,b,c) = 1)

6 [(3, 4, 5)]
9 [(1, 6, 8)]
19 [(3, 10, 18)]
20 [(7, 14, 17)]
25 [(4, 17, 22)]
28 [(18, 19, 21)]
29 [(11, 15, 27)]
41 [(2, 17, 40), (6, 32, 33)]
44 [(16, 23, 41)]
46 [(3, 36, 37), (27, 30, 37)]
53 [(29, 34, 44)]
54 [(12, 19, 53)]
58 [(15, 42, 49)]
67 [(22, 51, 54)]
69 [(36, 38, 61)]
70 [(7, 54, 57)]
71 [(14, 23, 70)]
72 [(34, 39, 65)]
75 [(38, 43, 66)]
76 [(31, 33, 72)]
81 [(25, 48, 74)]
82 [(19, 60, 69)]
84 [(28, 53, 75)]
85 [(50, 61, 64)]
87 [(20, 54, 79), (26, 55, 78), (38, 48, 79)]
88 [(21, 43, 84), (25, 31, 86)]
89 [(17, 40, 86)]
90 [(25, 38, 87), (58, 59, 69)]
93 [(32, 54, 85)]
96 [(19, 53, 90)]
97 [(45, 69, 79)]
