>>> for i in xrange(1,11):
	n = 70 * i
	print n, isabundant(n), ispseudoperfect(n)

70 True False
140 True True
210 True True
280 True True
350 True True
420 True True
490 True True
560 True True
630 True True
700 True True
>>> for n in [i for i in xrange(2, 50000) if i%6 != 0 and i%28 != 0]:
    divs = divisors(n)
    dsum = sum(divs) - n
    if dsum > n and findsublistwithsum(divs[0:-1], n) == None:
        print n, dsum, divs

70 74 [1, 2, 5, 7, 10, 14, 35, 70]
836 844 [1, 2, 4, 11, 19, 22, 38, 44, 76, 209, 418, 836]
4030 4034 [1, 2, 5, 10, 13, 26, 31, 62, 65, 130, 155, 310, 403, 806, 2015, 4030]
5830 5834 [1, 2, 5, 10, 11, 22, 53, 55, 106, 110, 265, 530, 583, 1166, 2915, 5830]
7192 7208 [1, 2, 4, 8, 29, 31, 58, 62, 116, 124, 232, 248, 899, 1798, 3596, 7192]
7912 7928 [1, 2, 4, 8, 23, 43, 46, 86, 92, 172, 184, 344, 989, 1978, 3956, 7912]
9272 9328 [1, 2, 4, 8, 19, 38, 61, 76, 122, 152, 244, 488, 1159, 2318, 4636, 9272]
10430 11170 [1, 2, 5, 7, 10, 14, 35, 70, 149, 298, 745, 1043, 1490, 2086, 5215, 10430]
10570 11318 [1, 2, 5, 7, 10, 14, 35, 70, 151, 302, 755, 1057, 1510, 2114, 5285, 10570]
10792 10808 [1, 2, 4, 8, 19, 38, 71, 76, 142, 152, 284, 568, 1349, 2698, 5396, 10792]
10990 11762 [1, 2, 5, 7, 10, 14, 35, 70, 157, 314, 785, 1099, 1570, 2198, 5495, 10990]
11410 12206 [1, 2, 5, 7, 10, 14, 35, 70, 163, 326, 815, 1141, 1630, 2282, 5705, 11410]
11690 12502 [1, 2, 5, 7, 10, 14, 35, 70, 167, 334, 835, 1169, 1670, 2338, 5845, 11690]
12110 12946 [1, 2, 5, 7, 10, 14, 35, 70, 173, 346, 865, 1211, 1730, 2422, 6055, 12110]
12530 13390 [1, 2, 5, 7, 10, 14, 35, 70, 179, 358, 895, 1253, 1790, 2506, 6265, 12530]
12670 13538 [1, 2, 5, 7, 10, 14, 35, 70, 181, 362, 905, 1267, 1810, 2534, 6335, 12670]
13370 14278 [1, 2, 5, 7, 10, 14, 35, 70, 191, 382, 955, 1337, 1910, 2674, 6685, 13370]
13510 14426 [1, 2, 5, 7, 10, 14, 35, 70, 193, 386, 965, 1351, 1930, 2702, 6755, 13510]
13790 14722 [1, 2, 5, 7, 10, 14, 35, 70, 197, 394, 985, 1379, 1970, 2758, 6895, 13790]
13930 14870 [1, 2, 5, 7, 10, 14, 35, 70, 199, 398, 995, 1393, 1990, 2786, 6965, 13930]
14770 15758 [1, 2, 5, 7, 10, 14, 35, 70, 211, 422, 1055, 1477, 2110, 2954, 7385, 14770]
15610 16646 [1, 2, 5, 7, 10, 14, 35, 70, 223, 446, 1115, 1561, 2230, 3122, 7805, 15610]
15890 16942 [1, 2, 5, 7, 10, 14, 35, 70, 227, 454, 1135, 1589, 2270, 3178, 7945, 15890]
16030 17090 [1, 2, 5, 7, 10, 14, 35, 70, 229, 458, 1145, 1603, 2290, 3206, 8015, 16030]
16310 17386 [1, 2, 5, 7, 10, 14, 35, 70, 233, 466, 1165, 1631, 2330, 3262, 8155, 16310]
16730 17830 [1, 2, 5, 7, 10, 14, 35, 70, 239, 478, 1195, 1673, 2390, 3346, 8365, 16730]
16870 17978 [1, 2, 5, 7, 10, 14, 35, 70, 241, 482, 1205, 1687, 2410, 3374, 8435, 16870]
17272 17288 [1, 2, 4, 8, 17, 34, 68, 127, 136, 254, 508, 1016, 2159, 4318, 8636, 17272]
17570 18718 [1, 2, 5, 7, 10, 14, 35, 70, 251, 502, 1255, 1757, 2510, 3514, 8785, 17570]
17990 19162 [1, 2, 5, 7, 10, 14, 35, 70, 257, 514, 1285, 1799, 2570, 3598, 8995, 17990]
18410 19606 [1, 2, 5, 7, 10, 14, 35, 70, 263, 526, 1315, 1841, 2630, 3682, 9205, 18410]
18830 20050 [1, 2, 5, 7, 10, 14, 35, 70, 269, 538, 1345, 1883, 2690, 3766, 9415, 18830]
18970 20198 [1, 2, 5, 7, 10, 14, 35, 70, 271, 542, 1355, 1897, 2710, 3794, 9485, 18970]
19390 20642 [1, 2, 5, 7, 10, 14, 35, 70, 277, 554, 1385, 1939, 2770, 3878, 9695, 19390]
19670 20938 [1, 2, 5, 7, 10, 14, 35, 70, 281, 562, 1405, 1967, 2810, 3934, 9835, 19670]
19810 21086 [1, 2, 5, 7, 10, 14, 35, 70, 283, 566, 1415, 1981, 2830, 3962, 9905, 19810]
20510 21826 [1, 2, 5, 7, 10, 14, 35, 70, 293, 586, 1465, 2051, 2930, 4102, 10255, 20510]
21490 22862 [1, 2, 5, 7, 10, 14, 35, 70, 307, 614, 1535, 2149, 3070, 4298, 10745, 21490]
21770 23158 [1, 2, 5, 7, 10, 14, 35, 70, 311, 622, 1555, 2177, 3110, 4354, 10885, 21770]
21910 23306 [1, 2, 5, 7, 10, 14, 35, 70, 313, 626, 1565, 2191, 3130, 4382, 10955, 21910]
22190 23602 [1, 2, 5, 7, 10, 14, 35, 70, 317, 634, 1585, 2219, 3170, 4438, 11095, 22190]
23170 24638 [1, 2, 5, 7, 10, 14, 35, 70, 331, 662, 1655, 2317, 3310, 4634, 11585, 23170]
23590 25082 [1, 2, 5, 7, 10, 14, 35, 70, 337, 674, 1685, 2359, 3370, 4718, 11795, 23590]
24290 25822 [1, 2, 5, 7, 10, 14, 35, 70, 347, 694, 1735, 2429, 3470, 4858, 12145, 24290]
24430 25970 [1, 2, 5, 7, 10, 14, 35, 70, 349, 698, 1745, 2443, 3490, 4886, 12215, 24430]
24710 26266 [1, 2, 5, 7, 10, 14, 35, 70, 353, 706, 1765, 2471, 3530, 4942, 12355, 24710]
25130 26710 [1, 2, 5, 7, 10, 14, 35, 70, 359, 718, 1795, 2513, 3590, 5026, 12565, 25130]
25690 27302 [1, 2, 5, 7, 10, 14, 35, 70, 367, 734, 1835, 2569, 3670, 5138, 12845, 25690]
26110 27746 [1, 2, 5, 7, 10, 14, 35, 70, 373, 746, 1865, 2611, 3730, 5222, 13055, 26110]
26530 28190 [1, 2, 5, 7, 10, 14, 35, 70, 379, 758, 1895, 2653, 3790, 5306, 13265, 26530]
26810 28486 [1, 2, 5, 7, 10, 14, 35, 70, 383, 766, 1915, 2681, 3830, 5362, 13405, 26810]
27230 28930 [1, 2, 5, 7, 10, 14, 35, 70, 389, 778, 1945, 2723, 3890, 5446, 13615, 27230]
27790 29522 [1, 2, 5, 7, 10, 14, 35, 70, 397, 794, 1985, 2779, 3970, 5558, 13895, 27790]
28070 29818 [1, 2, 5, 7, 10, 14, 35, 70, 401, 802, 2005, 2807, 4010, 5614, 14035, 28070]
28630 30410 [1, 2, 5, 7, 10, 14, 35, 70, 409, 818, 2045, 2863, 4090, 5726, 14315, 28630]
29330 31150 [1, 2, 5, 7, 10, 14, 35, 70, 419, 838, 2095, 2933, 4190, 5866, 14665, 29330]
29470 31298 [1, 2, 5, 7, 10, 14, 35, 70, 421, 842, 2105, 2947, 4210, 5894, 14735, 29470]
30170 32038 [1, 2, 5, 7, 10, 14, 35, 70, 431, 862, 2155, 3017, 4310, 6034, 15085, 30170]
30310 32186 [1, 2, 5, 7, 10, 14, 35, 70, 433, 866, 2165, 3031, 4330, 6062, 15155, 30310]
30730 32630 [1, 2, 5, 7, 10, 14, 35, 70, 439, 878, 2195, 3073, 4390, 6146, 15365, 30730]
31010 32926 [1, 2, 5, 7, 10, 14, 35, 70, 443, 886, 2215, 3101, 4430, 6202, 15505, 31010]
31430 33370 [1, 2, 5, 7, 10, 14, 35, 70, 449, 898, 2245, 3143, 4490, 6286, 15715, 31430]
31990 33962 [1, 2, 5, 7, 10, 14, 35, 70, 457, 914, 2285, 3199, 4570, 6398, 15995, 31990]
32270 34258 [1, 2, 5, 7, 10, 14, 35, 70, 461, 922, 2305, 3227, 4610, 6454, 16135, 32270]
32410 34406 [1, 2, 5, 7, 10, 14, 35, 70, 463, 926, 2315, 3241, 4630, 6482, 16205, 32410]
32690 34702 [1, 2, 5, 7, 10, 14, 35, 70, 467, 934, 2335, 3269, 4670, 6538, 16345, 32690]
33530 35590 [1, 2, 5, 7, 10, 14, 35, 70, 479, 958, 2395, 3353, 4790, 6706, 16765, 33530]
34090 36182 [1, 2, 5, 7, 10, 14, 35, 70, 487, 974, 2435, 3409, 4870, 6818, 17045, 34090]
34370 36478 [1, 2, 5, 7, 10, 14, 35, 70, 491, 982, 2455, 3437, 4910, 6874, 17185, 34370]
34930 37070 [1, 2, 5, 7, 10, 14, 35, 70, 499, 998, 2495, 3493, 4990, 6986, 17465, 34930]
35210 37366 [1, 2, 5, 7, 10, 14, 35, 70, 503, 1006, 2515, 3521, 5030, 7042, 17605, 35210]
35630 37810 [1, 2, 5, 7, 10, 14, 35, 70, 509, 1018, 2545, 3563, 5090, 7126, 17815, 35630]
36470 38698 [1, 2, 5, 7, 10, 14, 35, 70, 521, 1042, 2605, 3647, 5210, 7294, 18235, 36470]
36610 38846 [1, 2, 5, 7, 10, 14, 35, 70, 523, 1046, 2615, 3661, 5230, 7322, 18305, 36610]
37870 40178 [1, 2, 5, 7, 10, 14, 35, 70, 541, 1082, 2705, 3787, 5410, 7574, 18935, 37870]
38290 40622 [1, 2, 5, 7, 10, 14, 35, 70, 547, 1094, 2735, 3829, 5470, 7658, 19145, 38290]
38990 41362 [1, 2, 5, 7, 10, 14, 35, 70, 557, 1114, 2785, 3899, 5570, 7798, 19495, 38990]
39410 41806 [1, 2, 5, 7, 10, 14, 35, 70, 563, 1126, 2815, 3941, 5630, 7882, 19705, 39410]
39830 42250 [1, 2, 5, 7, 10, 14, 35, 70, 569, 1138, 2845, 3983, 5690, 7966, 19915, 39830]
39970 42398 [1, 2, 5, 7, 10, 14, 35, 70, 571, 1142, 2855, 3997, 5710, 7994, 19985, 39970]
40390 42842 [1, 2, 5, 7, 10, 14, 35, 70, 577, 1154, 2885, 4039, 5770, 8078, 20195, 40390]
41090 43582 [1, 2, 5, 7, 10, 14, 35, 70, 587, 1174, 2935, 4109, 5870, 8218, 20545, 41090]
41510 44026 [1, 2, 5, 7, 10, 14, 35, 70, 593, 1186, 2965, 4151, 5930, 8302, 20755, 41510]
41930 44470 [1, 2, 5, 7, 10, 14, 35, 70, 599, 1198, 2995, 4193, 5990, 8386, 20965, 41930]
42070 44618 [1, 2, 5, 7, 10, 14, 35, 70, 601, 1202, 3005, 4207, 6010, 8414, 21035, 42070]
42490 45062 [1, 2, 5, 7, 10, 14, 35, 70, 607, 1214, 3035, 4249, 6070, 8498, 21245, 42490]
42910 45506 [1, 2, 5, 7, 10, 14, 35, 70, 613, 1226, 3065, 4291, 6130, 8582, 21455, 42910]
43190 45802 [1, 2, 5, 7, 10, 14, 35, 70, 617, 1234, 3085, 4319, 6170, 8638, 21595, 43190]
43330 45950 [1, 2, 5, 7, 10, 14, 35, 70, 619, 1238, 3095, 4333, 6190, 8666, 21665, 43330]
44170 46838 [1, 2, 5, 7, 10, 14, 35, 70, 631, 1262, 3155, 4417, 6310, 8834, 22085, 44170]
44870 47578 [1, 2, 5, 7, 10, 14, 35, 70, 641, 1282, 3205, 4487, 6410, 8974, 22435, 44870]
45010 47726 [1, 2, 5, 7, 10, 14, 35, 70, 643, 1286, 3215, 4501, 6430, 9002, 22505, 45010]
45290 48022 [1, 2, 5, 7, 10, 14, 35, 70, 647, 1294, 3235, 4529, 6470, 9058, 22645, 45290]
45356 45364 [1, 2, 4, 17, 23, 29, 34, 46, 58, 68, 92, 116, 391, 493, 667, 782, 986, 1334, 1564, 1972, 2668, 11339, 22678, 45356]
45710 48466 [1, 2, 5, 7, 10, 14, 35, 70, 653, 1306, 3265, 4571, 6530, 9142, 22855, 45710]
46130 48910 [1, 2, 5, 7, 10, 14, 35, 70, 659, 1318, 3295, 4613, 6590, 9226, 23065, 46130]
46270 49058 [1, 2, 5, 7, 10, 14, 35, 70, 661, 1322, 3305, 4627, 6610, 9254, 23135, 46270]
47110 49946 [1, 2, 5, 7, 10, 14, 35, 70, 673, 1346, 3365, 4711, 6730, 9422, 23555, 47110]
47390 50242 [1, 2, 5, 7, 10, 14, 35, 70, 677, 1354, 3385, 4739, 6770, 9478, 23695, 47390]
47810 50686 [1, 2, 5, 7, 10, 14, 35, 70, 683, 1366, 3415, 4781, 6830, 9562, 23905, 47810]
48370 51278 [1, 2, 5, 7, 10, 14, 35, 70, 691, 1382, 3455, 4837, 6910, 9674, 24185, 48370]
49070 52018 [1, 2, 5, 7, 10, 14, 35, 70, 701, 1402, 3505, 4907, 7010, 9814, 24535, 49070]
49630 52610 [1, 2, 5, 7, 10, 14, 35, 70, 709, 1418, 3545, 4963, 7090, 9926, 24815, 49630]
>>> 70*709
49630
>>> 70*487
34090
>>> 836*836*2
1397792
>>> divisors(1673)
[1, 7, 239, 1673]
>>> divisors(1679)
[1, 23, 73, 1679]
>>> divisors(1681)
[1, 41, 1681]
>>> 41**2
1681
>>> divisors(1687)
[1, 7, 241, 1687]
>>> divisors(1691)
[1, 19, 89, 1691]
>>> def pfactorlist(num):
    limit = int(math.sqrt(num))
    factors = []
    for p in xrange(2,limit+1):
        if num < 2:
            break
        while num % p == 0:
            factors.append(p)
            num = num / p
    if num > 1:
        factors.append(num)
    return factors

>>> def isprime(n): return len(pfactorlist(n)) == 1

>>> for n in xrange(1673,3347,2):
	if isprime(n):
		print n
		break

1693
>>> def nextprime(num):
    start = num + 1 + num%2  # start with an odd number
    for n in xrange(start, 2*start, 2):
	if isprime(n):
	    return n

>>> nextprime(1672)
1693
>>> nextprime(1693)
1697
>>> p = 11
>>> while p < 50:
	p = nextprime(p)
	print p,

13 17 19 23 29 31 37 41 43 47 53
>>> isweird(836*1693)
True
>>> isweird(836*1697)
True
>>> nextprime(1660)
1663
>>> isweird(836*1663)
True
>>> isweird(nextprime(836**2))
False
>>> 836**2
698896
>>> isweird(698896)
False
>>> isweird(836*nextprime(836))
True
>>> isweird(836*nextprime(100))
False
>>> nextprime(100)
101
>>> isweird(836*nextprime(400))
False
>>> isweird(836*nextprime(600))
True
>>> for i in xrange(2, nextprime(600)+1):
	n = i * 836
	if isweird(n):
		print i, n, divisors(n)

421 351956 [1, 2, 4, 11, 19, 22, 38, 44, 76, 209, 418, 421, 836, 842, 1684, 4631, 7999, 9262, 15998, 18524, 31996, 87989, 175978, 351956]
487 407132 [1, 2, 4, 11, 19, 22, 38, 44, 76, 209, 418, 487, 836, 974, 1948, 5357, 9253, 10714, 18506, 21428, 37012, 101783, 203566, 407132]
491 410476 [1, 2, 4, 11, 19, 22, 38, 44, 76, 209, 418, 491, 836, 982, 1964, 5401, 9329, 10802, 18658, 21604, 37316, 102619, 205238, 410476]
557 465652 [1, 2, 4, 11, 19, 22, 38, 44, 76, 209, 418, 557, 836, 1114, 2228, 6127, 10583, 12254, 21166, 24508, 42332, 116413, 232826, 465652]
563 470668 [1, 2, 4, 11, 19, 22, 38, 44, 76, 209, 418, 563, 836, 1126, 2252, 6193, 10697, 12386, 21394, 24772, 42788, 117667, 235334, 470668]
569 475684 [1, 2, 4, 11, 19, 22, 38, 44, 76, 209, 418, 569, 836, 1138, 2276, 6259, 10811, 12518, 21622, 25036, 43244, 118921, 237842, 475684]
571 477356 [1, 2, 4, 11, 19, 22, 38, 44, 76, 209, 418, 571, 836, 1142, 2284, 6281, 10849, 12562, 21698, 25124, 43396, 119339, 238678, 477356]
577 482372 [1, 2, 4, 11, 19, 22, 38, 44, 76, 209, 418, 577, 836, 1154, 2308, 6347, 10963, 12694, 21926, 25388, 43852, 120593, 241186, 482372]
587 490732 [1, 2, 4, 11, 19, 22, 38, 44, 76, 209, 418, 587, 836, 1174, 2348, 6457, 11153, 12914, 22306, 25828, 44612, 122683, 245366, 490732]
593 495748 [1, 2, 4, 11, 19, 22, 38, 44, 76, 209, 418, 593, 836, 1186, 2372, 6523, 11267, 13046, 22534, 26092, 45068, 123937, 247874, 495748]
599 500764 [1, 2, 4, 11, 19, 22, 38, 44, 76, 209, 418, 599, 836, 1198, 2396, 6589, 11381, 13178, 22762, 26356, 45524, 125191, 250382, 500764]
601 502436 [1, 2, 4, 11, 19, 22, 38, 44, 76, 209, 418, 601, 836, 1202, 2404, 6611, 11419, 13222, 22838, 26444, 45676, 125609, 251218, 502436]

>>> 