3 [13]
4 [5]
5 [11]
6 [7]
7 [1093]
8 [41]
9 [757]
10 [61]
11 [23, 3851]
12 [73]
14 [547]
15 [4561]
16 [17, 193]
17 [1871]
18 [19, 37]
19 [1597]
20 [1181]
22 [67, 661]
23 [47]
24 [6481]
25 [8951]
27 [109, 433, 8209]
28 [29]
29 [59]
30 [31, 271]
31 [683]
34 [103, 307, 1021]
35 [71]
38 [2851]
39 [313, 6553, 7333]
41 [83]
42 [43, 2269]
43 [431]
44 [5501]
45 [181, 1621]
47 [1223]
48 [97, 577, 769]
49 [491, 4019, 8233]
50 [151]
52 [53]
53 [107]
55 [1321]
57 [229]
58 [523, 6091]
62 [6883]
65 [131]
69 [277]
75 [601, 9601]
78 [79, 157, 2887]
81 [3889]
83 [167]
84 [2857]
88 [89]
89 [179]
93 [1117]
95 [191]
100 [101]
102 [613]
105 [421, 6301]
109 [1091]
112 [113]
113 [227, 1583]
114 [3079]
118 [3187]
119 [239]
120 [241]
122 [367]
125 [251]
126 [127, 883, 2521]
127 [5843]
129 [4129]
131 [263]
135 [541]
136 [137]
137 [4933]
138 [139, 5107, 9109]
139 [1669]
142 [853, 2131]
146 [439]
148 [149]
149 [7451]
150 [2551]
151 [1511]
152 [761]
155 [311]
157 [9421]
162 [163, 1297]
166 [499, 997]
168 [337, 673, 1009]
169 [2029]
170 [1531]
172 [173]
173 [347]
174 [349]
177 [709]
179 [359]
182 [8737]
183 [733]
184 [1289]
185 [2221]
186 [373]
187 [6359]
191 [383]
192 [7297]
193 [6563]
195 [2341]
196 [197]
197 [9851]
198 [199, 397, 4357]
203 [2843]
204 [409]
205 [6971]
206 [619]
207 [829, 1657, 4969]
208 [1249]
209 [419, 2927]
210 [211, 1051]
211 [2111]
213 [5113]
214 [643]
216 [2161]
221 [443]
222 [223]
228 [457, 2281, 7753]
230 [6211]
231 [3697]
232 [233, 4177]
233 [467]
234 [937, 1171]
235 [5171]
239 [479]
240 [4801]
242 [727, 2179]
250 [2251]
251 [503]
256 [257]
258 [1549]
259 [2591]
262 [787]
265 [3181]
268 [269, 1609, 1877]
270 [3511, 4591]
271 [3253]
280 [281]
281 [563, 3373]
282 [283]
292 [293]
293 [587]
294 [1471, 3529]
299 [599]
300 [1201]
303 [1213]
306 [919]
309 [1237]
310 [1861]
311 [3733]
316 [317]
319 [3191]
321 [3853, 6421]
322 [967, 1933]
323 [647]
328 [2297]
329 [659]
330 [331, 991, 4951]
337 [8089]
338 [4057]
341 [4093]
345 [1381, 9661]
352 [353]
359 [719]
363 [1453]
371 [743]
376 [4513]
378 [379]
388 [389]
395 [5531]
398 [2389]
400 [401]
413 [827, 4957]
418 [8779]
419 [839]
420 [4201]
431 [863]
434 [1303]
436 [2617, 5233]
438 [877]
440 [7481]
443 [887]
444 [9769]
448 [449, 8513]
450 [1801]
452 [2713]
455 [911]
459 [3673]
460 [461, 5521]
462 [463]
466 [1399, 6991]
473 [947]
482 [4339]
485 [971]
486 [487]
488 [2441]
491 [983]
494 [8893]
498 [1993]
500 [3001, 8501]
503 [7043]
506 [7591]
508 [509, 3049]
509 [1019, 7127]
514 [1543]
515 [1031]
516 [1033]
518 [3109]
519 [4153]
520 [521]
522 [5743]
524 [2621]
534 [1069, 2137]
535 [5351]
536 [3217]
537 [4297]
551 [1103]
556 [557]
558 [2791]
559 [5591]
564 [1129]
568 [569]
570 [571]
575 [1151]
576 [1153]
581 [1163]
586 [1759, 3517]
589 [7069]
592 [593]
593 [1187]
594 [1783, 8317]
598 [7177]
601 [6011]
604 [7853]
606 [607]
614 [7369]
616 [617, 7393]
618 [2473]
622 [1867]
626 [1879]
629 [1259]
630 [631]
631 [6311, 7573]
639 [2557, 7669]
640 [641, 7681]
641 [1283]
643 [7717]
644 [3221]
647 [9059]
648 [2593]
652 [653]
653 [1307]
659 [1319]
669 [2677]
671 [8053]
674 [6067]
676 [677, 4733]
683 [1367]
690 [691]
694 [6247]
699 [2797]
700 [701]
708 [2833]
713 [1427]
714 [1429]
719 [1439]
723 [8677]
725 [1451]
733 [7331]
734 [2203]
736 [5153]
738 [739, 2953, 3691, 5167]
743 [1487]
744 [1489, 8929]
749 [1499]
750 [751]
759 [6073]
761 [1523]
762 [2287]
772 [773]
773 [9277]
776 [3881]
779 [1559]
785 [1571]
788 [4729]
792 [3169]
794 [2383]
796 [797]
801 [9613]
803 [1607]
807 [3229]
808 [809]
809 [1619]
810 [811, 4051, 8101]
816 [6529]
820 [821]
822 [823, 4111]
825 [9901]
831 [9973]
832 [4993]
833 [1667]
834 [7507]
846 [1693, 5077]
854 [7687]
856 [857]
858 [859]
866 [5197]
867 [3469]
870 [1741]
876 [1753]
880 [881]
882 [7057]
883 [8831]
888 [1777]
890 [2671]
893 [1787]
894 [1789]
896 [9857]
901 [9011]
905 [1811]
906 [907]
909 [3637]
910 [8191]
911 [1823]
923 [1847]
928 [929, 5569]
934 [2803]
936 [1873]
940 [941]
942 [3769]
944 [4721]
952 [953]
953 [1907]
954 [6679]
956 [5737]
965 [1931]
976 [977]
989 [1979]
990 [2971]
1001 [2003]
1002 [8017]
1005 [4021]
1006 [3019]
1008 [2017]
1012 [1013]
1013 [2027]
1019 [2039]
1022 [3067]
1026 [2053]
1031 [2063]
1038 [1039]
1043 [2087]
1044 [2089]
1048 [1049]
1049 [2099]
1056 [2113]
1060 [1061]
1062 [1063]
1065 [8521]
1084 [7589]
1086 [1087]
1096 [1097]
1103 [2207]
1106 [3319, 6637]
1108 [1109, 7757]
1110 [4441]
1114 [3343]
1118 [6709]
1120 [7841]
1121 [2243]
1122 [1123]
1133 [2267]
1146 [2293]
1155 [9241]
1166 [3499]
1169 [2339]
1175 [2351]
1188 [2377]
1192 [1193]
1199 [2399]
1202 [3607, 7213]
1205 [2411]
1210 [3631]
1211 [2423]
1215 [4861]
1216 [1217]
1218 [2437]
1220 [6101]
1223 [2447]
1227 [4909]
1228 [1229]
1229 [2459]
1230 [1231]
1240 [8681]
1246 [3739]
1260 [7561]
1265 [2531]
1271 [2543]
1275 [5101]
1276 [1277, 8933]
1278 [1279]
1282 [3847]
1289 [2579]
1290 [1291]
1300 [1301]
1302 [3907, 5209]
1304 [6521]
1316 [6581]
1320 [5281]
1322 [3967]
1326 [1327]
1331 [2663]
1340 [6701]
1343 [2687]
1344 [2689]
1348 [9437]
1349 [2699]
1353 [5413]
1355 [2711]
1359 [5437]
1360 [1361, 8161]
1362 [5449]
1366 [4099]
1370 [8221]
1372 [1373]
1374 [2749]
1389 [5557]
1396 [8377]
1408 [1409]
1409 [2819]
1410 [8461]
1420 [9941]
1422 [1423]
1425 [5701]
1430 [8581]
1432 [1433]
1437 [5749]
1439 [2879]
1446 [1447]
1451 [2903]
1455 [5821]
1458 [1459, 2917]
1467 [5869]
1469 [2939]
1480 [1481]
1481 [2963]
1482 [1483]
1492 [1493]
1494 [4483]
1499 [2999]
1500 [9001]
1505 [3011]
1511 [3023]
1518 [3037]
1526 [9157]
1530 [3061, 9181]
1541 [3083]
1552 [1553]
1559 [3119]
1560 [3121]
1566 [1567]
1578 [1579]
1583 [3167]
1584 [6337]
1594 [4783]
1600 [1601]
1601 [3203]
1612 [1613]
1617 [6469]
1625 [3251]
1626 [1627]
1636 [1637, 9817]
1649 [3299]
1650 [3301]
1656 [3313]
1658 [9949]
1661 [3323]
1662 [1663]
1665 [6661]
1670 [5011]
1673 [3347]
1679 [3359]
1680 [3361]
1683 [6733]
1685 [3371]
1686 [5059]
1695 [6781]
1696 [1697]
1698 [1699, 6793]
1703 [3407]
1708 [1709]
1716 [3433]
1720 [1721]
1722 [1723]
1726 [5179]
1728 [3457]
1732 [1733]
1733 [3467]
1737 [6949]
1742 [5227]
1745 [3491]
1746 [1747]
1749 [6997]
1763 [3527]
1769 [3539]
1770 [3541]
1774 [5323]
1806 [3613]
1809 [7237]
1811 [3623]
1829 [3659]
1830 [1831, 7321]
1835 [3671]
1842 [5527]
1844 [9221]
1854 [3709, 7417]
1859 [3719]
1868 [9341]
1869 [7477]
1874 [5623]
1883 [3767]
1884 [7537]
1886 [5659]
1888 [1889]
1889 [3779]
1896 [3793]
1900 [1901]
1901 [3803]
1905 [7621]
1912 [1913]
1930 [5791]
1931 [3863]
1935 [7741]
1938 [3877]
1946 [5839]
1948 [1949]
1950 [1951, 5851]
1955 [3911]
1961 [3923]
1972 [1973]
1973 [3947]
1986 [1987]
1996 [1997]
1998 [1999, 7993]
2003 [4007]
2010 [2011]
2014 [6043]
2026 [6079]
2039 [4079]
2045 [4091]
2063 [4127]
2068 [2069]
2069 [4139]
2080 [2081]
2082 [2083]
2090 [6271]
2105 [4211]
2128 [2129]
2129 [4259]
2130 [4261]
2135 [4271]
2136 [4273]
2140 [2141]
2141 [4283]
2142 [2143]
2152 [2153]
2160 [8641]
2195 [4391]
2212 [2213]
2225 [4451]
2231 [4463]
2234 [6703]
2236 [2237]
2238 [2239]
2253 [9013]
2261 [4523]
2272 [2273]
2273 [4547]
2274 [4549]
2283 [9133]
2291 [4583]
2298 [4597]
2308 [2309]
2310 [2311, 4621]
2321 [4643]
2322 [6967]
2328 [4657]
2332 [2333]
2334 [9337]
2339 [4679]
2342 [7027]
2345 [4691]
2346 [2347]
2351 [4703]
2356 [2357]
2370 [2371]
2375 [4751]
2380 [2381]
2392 [2393]
2393 [4787]
2394 [4789]
2399 [4799]
2406 [4813, 7219]
2416 [2417]
2435 [4871]
2450 [7351]
2457 [9829]
2459 [4919]
2465 [4931]
2466 [2467]
2471 [4943]
2476 [2477]
2483 [4967]
2501 [5003]
2502 [2503]
2519 [5039]
2525 [5051]
2538 [2539]
2543 [5087]
2546 [7639]
2548 [2549]
2549 [5099]
2573 [5147]
2608 [2609]
2615 [5231]
2632 [2633]
2639 [5279]
2646 [2647]
2650 [7951]
2651 [5303]
2654 [7963]
2656 [2657]
2658 [2659]
2670 [8011]
2682 [2683]
2692 [2693]
2693 [5387]
2699 [5399]
2706 [2707]
2718 [2719]
2728 [2729]
2730 [2731]
2735 [5471]
2740 [2741]
2741 [5483]
2752 [2753]
2753 [5507]
2759 [5519]
2766 [2767]
2776 [2777]
2788 [2789]
2790 [5581]
2800 [2801]
2819 [5639]
2820 [5641]
2825 [5651]
2826 [5653]
2836 [2837]
2842 [8527]
2844 [5689]
2855 [5711]
2860 [2861]
2891 [5783]
2896 [2897]
2902 [8707]
2903 [5807]
2908 [2909]
2928 [5857]
2933 [5867]
2934 [8803]
2939 [5879]
2940 [5881]
2951 [5903]
2956 [2957]
2963 [5927]
2968 [2969]
2969 [5939]
2976 [5953]
2993 [5987]
3018 [6037]
3023 [6047]
3034 [9103]
3040 [3041]
3060 [6121]
3065 [6131]
3066 [6133]
3071 [6143]
3088 [3089]
3101 [6203]
3108 [6217]
3114 [6229, 9343]
3131 [6263]
3136 [3137]
3138 [6277]
3143 [6287]
3146 [9439]
3149 [6299]
3161 [6323]
3162 [3163]
3180 [6361]
3186 [6373]
3198 [6397]
3206 [9619]
3208 [3209]
3245 [6491]
3256 [3257]
3258 [3259]
3270 [3271]
3275 [6551]
3286 [9859]
3288 [6577]
3299 [6599]
3306 [3307]
3310 [9931]
3328 [3329]
3329 [6659]
3330 [3331]
3336 [6673]
3359 [6719]
3388 [3389]
3389 [6779]
3390 [3391]
3395 [6791]
3401 [6803]
3412 [3413]
3413 [6827]
3414 [6829]
3420 [6841]
3431 [6863]
3448 [3449]
3449 [6899]
3455 [6911]
3460 [3461]
3462 [3463]
3473 [6947]
3479 [6959]
3480 [6961]
3491 [6983]
3509 [7019]
3532 [3533]
3539 [7079]
3546 [3547]
3551 [7103]
3556 [3557]
3558 [3559]
3564 [7129]
3570 [3571]
3575 [7151]
3580 [3581]
3582 [3583]
3592 [3593]
3593 [7187]
3605 [7211]
3616 [3617]
3623 [7247]
3641 [7283]
3642 [3643]
3653 [7307]
3654 [7309]
3676 [3677]
3700 [3701]
3726 [3727]
3743 [7487]
3744 [7489]
3749 [7499]
3760 [3761]
3761 [7523]
3773 [7547]
3774 [7549]
3779 [7559]
3791 [7583]
3796 [3797]
3803 [7607]
3820 [3821]
3821 [7643]
3822 [3823]
3832 [3833]
3845 [7691]
3851 [7703]
3863 [7727]
3894 [7789]
3911 [7823]
3916 [3917]
3918 [3919]
3928 [3929]
3930 [3931]
3936 [7873]
3941 [7883]
3942 [3943]
3953 [7907]
3959 [7919]
3966 [7933]
3988 [3989]
4000 [4001]
4002 [4003]
4012 [4013]
4019 [8039]
4026 [4027]
4043 [8087]
4048 [4049]
4055 [8111]
4061 [8123]
4072 [4073]
4073 [8147]
4085 [8171]
4109 [8219]
4115 [8231]
4121 [8243]
4132 [4133]
4134 [8269]
4145 [8291]
4146 [8293]
4156 [4157]
4158 [4159]
4164 [8329]
4176 [8353]
4181 [8363]
4193 [8387]
4194 [8389]
4211 [8423]
4216 [4217]
4218 [4219]
4223 [8447]
4228 [4229]
4230 [4231]
4240 [4241]
4242 [4243]
4252 [4253]
4271 [8543]
4288 [4289]
4313 [8627]
4314 [8629]
4326 [4327]
4331 [8663]
4336 [4337]
4344 [8689]
4348 [4349]
4349 [8699]
4356 [8713]
4362 [4363]
4372 [4373]
4373 [8747]
4380 [8761]
4391 [8783]
4396 [4397]
4403 [8807]
4408 [4409]
4409 [8819]
4410 [8821]
4420 [4421]
4422 [4423]
4433 [8867]
4446 [4447]
4456 [4457]
4470 [8941]
4480 [4481]
4481 [8963]
4492 [4493]
4499 [8999]
4506 [4507]
4516 [4517]
4518 [4519]
4524 [9049]
4566 [4567]
4601 [9203]
4602 [4603]
4613 [9227]
4619 [9239]
4636 [4637]
4638 [4639]
4648 [4649]
4650 [4651]
4655 [9311]
4661 [9323]
4662 [4663]
4672 [4673]
4674 [9349]
4685 [9371]
4698 [9397]
4709 [9419]
4715 [9431]
4716 [9433]
4722 [4723]
4733 [9467]
4739 [9479]
4745 [9491]
4758 [4759]
4769 [9539]
4775 [9551]
4792 [4793]
4793 [9587]
4811 [9623]
4816 [4817]
4824 [9649]
4830 [4831]
4848 [9697]
4859 [9719]
4860 [9721]
4866 [9733]
4871 [9743]
4876 [4877]
4883 [9767]
4888 [4889]
4890 [9781]
4895 [9791]
4901 [9803]
4902 [4903]
4919 [9839]
4936 [4937]
4943 [9887]
4961 [9923]
4972 [4973]
4986 [4987]
4998 [4999]
5008 [5009]
5020 [5021]
5022 [5023]
5080 [5081]
5118 [5119]
5188 [5189]
5236 [5237]
5260 [5261]
5272 [5273]
5296 [5297]
5308 [5309]
5332 [5333]
5346 [5347]
5380 [5381]
5392 [5393]
5406 [5407]
5416 [5417]
5418 [5419]
5430 [5431]
5440 [5441]
5442 [5443]
5476 [5477]
5478 [5479]
5502 [5503]
5562 [5563]
5572 [5573]
5646 [5647]
5656 [5657]
5668 [5669]
5682 [5683]
5692 [5693]
5716 [5717]
5740 [5741]
5778 [5779]
5800 [5801]
5812 [5813]
5826 [5827]
5848 [5849]
5860 [5861]
5896 [5897]
5922 [5923]
5980 [5981]
6006 [6007]
6028 [6029]
6052 [6053]
6088 [6089]
6112 [6113]
6150 [6151]
6162 [6163]
6172 [6173]
6196 [6197]
6198 [6199]
6220 [6221]
6256 [6257]
6268 [6269]
6316 [6317]
6328 [6329]
6342 [6343]
6352 [6353]
6366 [6367]
6378 [6379]
6388 [6389]
6426 [6427]
6448 [6449]
6450 [6451]
6472 [6473]
6546 [6547]
6568 [6569]
6570 [6571]
6606 [6607]
6618 [6619]
6652 [6653]
6688 [6689]
6690 [6691]
6736 [6737]
6760 [6761]
6762 [6763]
6822 [6823]
6832 [6833]
6856 [6857]
6868 [6869]
6870 [6871]
6906 [6907]
6916 [6917]
6976 [6977]
7000 [7001]
7012 [7013]
7038 [7039]
7108 [7109]
7120 [7121]
7158 [7159]
7192 [7193]
7206 [7207]
7228 [7229]
7242 [7243]
7252 [7253]
7348 [7349]
7410 [7411]
7432 [7433]
7456 [7457]
7458 [7459]
7516 [7517]
7528 [7529]
7540 [7541]
7576 [7577]
7602 [7603]
7648 [7649]
7672 [7673]
7698 [7699]
7722 [7723]
7758 [7759]
7792 [7793]
7816 [7817]
7828 [7829]
7866 [7867]
7876 [7877]
7878 [7879]
7900 [7901]
7926 [7927]
7936 [7937]
7948 [7949]
8008 [8009]
8058 [8059]
8068 [8069]
8080 [8081]
8092 [8093]
8116 [8117]
8166 [8167]
8178 [8179]
8236 [8237]
8262 [8263]
8272 [8273]
8286 [8287]
8296 [8297]
8310 [8311]
8368 [8369]
8418 [8419]
8428 [8429]
8430 [8431]
8442 [8443]
8466 [8467]
8536 [8537]
8538 [8539]
8562 [8563]
8572 [8573]
8596 [8597]
8598 [8599]
8608 [8609]
8622 [8623]
8646 [8647]
8668 [8669]
8692 [8693]
8718 [8719]
8730 [8731]
8740 [8741]
8752 [8753]
8836 [8837]
8838 [8839]
8848 [8849]
8860 [8861]
8862 [8863]
8886 [8887]
8922 [8923]
8968 [8969]
8970 [8971]
9006 [9007]
9028 [9029]
9040 [9041]
9042 [9043]
9066 [9067]
9090 [9091]
9126 [9127]
9136 [9137]
9150 [9151]
9160 [9161]
9172 [9173]
9186 [9187]
9198 [9199]
9208 [9209]
9256 [9257]
9280 [9281]
9282 [9283]
9292 [9293]
9318 [9319]
9376 [9377]
9390 [9391]
9402 [9403]
9412 [9413]
9460 [9461]
9462 [9463]
9472 [9473]
9496 [9497]
9510 [9511]
9520 [9521]
9532 [9533]
9546 [9547]
9628 [9629]
9630 [9631]
9642 [9643]
9676 [9677]
9678 [9679]
9688 [9689]
9738 [9739]
9748 [9749]
9786 [9787]
9810 [9811]
9832 [9833]
9870 [9871]
9882 [9883]
9906 [9907]
9928 [9929]
9966 [9967]
