5 [4, 1]
7 [6, 1]
11 [5, 5, 1]
13 [3, 3, 3, 1, 3]
17 [16, 1]
19 [18, 1]
23 [11, 11, 1]
29 [28, 1]
31 [30, 1]
37 [18, 18, 1]
41 [8, 8, 8, 8, 8, 1]
43 [42, 1]
47 [23, 23, 1]
53 [52, 1]
59 [29, 29, 1]
61 [10, 10, 10, 10, 10, 10, 1]
67 [22, 22, 22, 1]
71 [35, 35, 1]
73 [12, 12, 12, 12, 12, 12, 1]
79 [78, 1]
83 [41, 41, 1]
89 [88, 1]
97 [48, 48, 1]
101 [100, 1]
103 [34, 34, 34, 1]
107 [53, 53, 1]
109 [27, 27, 27, 27, 1]
113 [112, 1]
127 [126, 1]
131 [65, 65, 1]
137 [136, 1]
139 [138, 1]
149 [148, 1]
151 [50, 50, 50, 1]
157 [78, 78, 1]
163 [162, 1]
167 [83, 83, 1]
173 [172, 1]
179 [89, 89, 1]
181 [45, 45, 45, 45, 1]
191 [95, 95, 1]
193 [16, 16, 16, 16, 16, 16, 16, 16, 16, 16, 16, 16, 1]
197 [196, 1]
199 [198, 1]
211 [210, 1]
223 [222, 1]
227 [113, 113, 1]
229 [57, 57, 57, 57, 1]
233 [232, 1]
239 [119, 119, 1]
241 [120, 120, 1]
251 [125, 125, 1]
257 [256, 1]
263 [131, 131, 1]
269 [268, 1]
271 [30, 30, 30, 30, 30, 30, 30, 30, 30, 1]
277 [69, 69, 69, 69, 1]
281 [280, 1]
283 [282, 1]
293 [292, 1]
307 [34, 34, 34, 34, 34, 34, 34, 34, 34, 1]
311 [155, 155, 1]
313 [39, 39, 39, 39, 39, 39, 39, 39, 1]
317 [316, 1]
331 [330, 1]
337 [168, 168, 1]
347 [173, 173, 1]
349 [174, 174, 1]
353 [352, 1]
359 [179, 179, 1]
367 [122, 122, 122, 1]
373 [186, 186, 1]
379 [378, 1]
383 [191, 191, 1]
389 [388, 1]
397 [198, 198, 1]
401 [400, 1]
409 [204, 204, 1]
419 [209, 209, 1]
421 [105, 105, 105, 105, 1]
431 [43, 43, 43, 43, 43, 43, 43, 43, 43, 43, 1]
433 [27, 27, 27, 27, 27, 27, 27, 27, 27, 27, 27, 27, 27, 27, 27, 27, 1]
439 [146, 146, 146, 1]
443 [221, 221, 1]
449 [448, 1]
457 [228, 228, 1]
461 [460, 1]
463 [462, 1]
467 [233, 233, 1]
479 [239, 239, 1]
487 [486, 1]
491 [49, 49, 49, 49, 49, 49, 49, 49, 49, 49, 1]
499 [166, 166, 166, 1]
503 [251, 251, 1]
509 [508, 1]
521 [520, 1]
523 [58, 58, 58, 58, 58, 58, 58, 58, 58, 1]
541 [135, 135, 135, 135, 1]
547 [14, 14, 14, 14, 14, 14, 14, 14, 14, 14, 14, 14, 14, 14, 14, 14, 14, 14, 14, 14, 14, 14, 14, 14, 14, 14, 14, 14, 14, 14, 14, 14, 14, 14, 14, 14, 14, 14, 14, 1]
557 [556, 1]
563 [281, 281, 1]
569 [568, 1]
571 [570, 1]
577 [48, 48, 48, 48, 48, 48, 48, 48, 48, 48, 48, 48, 1]
587 [293, 293, 1]
593 [592, 1]
599 [299, 299, 1]
601 [75, 75, 75, 75, 75, 75, 75, 75, 1]
607 [606, 1]
613 [102, 102, 102, 102, 102, 102, 1]
617 [616, 1]
619 [206, 206, 206, 1]
631 [630, 1]
641 [640, 1]
643 [214, 214, 214, 1]
647 [323, 323, 1]
653 [652, 1]
659 [329, 329, 1]
661 [22, 22, 22, 22, 22, 22, 22, 22, 22, 22, 22, 22, 22, 22, 22, 22, 22, 22, 22, 22, 22, 22, 22, 22, 22, 22, 22, 22, 22, 22, 1]
673 [168, 168, 168, 168, 1]
677 [676, 1]
683 [31, 31, 31, 31, 31, 31, 31, 31, 31, 31, 31, 31, 31, 31, 31, 31, 31, 31, 31, 31, 31, 31, 1]
691 [690, 1]
701 [700, 1]
709 [177, 177, 177, 177, 1]
719 [359, 359, 1]
727 [242, 242, 242, 1]
733 [183, 183, 183, 183, 1]
739 [738, 1]
743 [371, 371, 1]
751 [750, 1]
757 [9, 9, 9, 9, 9, 9, 9, 9, 9, 9, 9, 9, 9, 9, 9, 9, 9, 9, 9, 9, 9, 9, 9, 9, 9, 9, 9, 9, 9, 9, 9, 9, 9, 9, 9, 9, 9, 9, 9, 9, 9, 9, 9, 9, 9, 9, 9, 9, 9, 9, 9, 9, 9, 9, 9, 9, 9, 9, 9, 9, 9, 9, 9, 9, 9, 9, 9, 9, 9, 9, 9, 9, 9, 9, 9, 9, 9, 9, 9, 9, 9, 1, 9, 9, 9]
761 [152, 152, 152, 152, 152, 1]
769 [48, 48, 48, 48, 48, 48, 48, 48, 48, 48, 48, 48, 48, 48, 48, 48, 1]
773 [772, 1]
787 [262, 262, 262, 1]
797 [796, 1]
809 [808, 1]
811 [810, 1]
821 [820, 1]
823 [822, 1]
827 [413, 413, 1]
829 [207, 207, 207, 207, 1]
839 [419, 419, 1]
853 [142, 142, 142, 142, 142, 142, 1]
857 [856, 1]
859 [858, 1]
863 [431, 431, 1]
877 [438, 438, 1]
881 [880, 1]
883 [126, 126, 126, 126, 126, 126, 126, 1]
887 [443, 443, 1]
907 [906, 1]
911 [455, 455, 1]
919 [306, 306, 306, 1]
929 [928, 1]
937 [234, 234, 234, 234, 1]
941 [940, 1]
947 [473, 473, 1]
953 [952, 1]
967 [322, 322, 322, 1]
971 [485, 485, 1]
977 [976, 1]
983 [491, 491, 1]
991 [330, 330, 330, 1]
997 [166, 166, 166, 166, 166, 166, 1]
1009 [168, 168, 168, 168, 168, 168, 1]
1013 [1012, 1]
1019 [509, 509, 1]
1021 [34, 34, 34, 34, 34, 34, 34, 34, 34, 34, 34, 34, 34, 34, 34, 34, 34, 34, 34, 34, 34, 34, 34, 34, 34, 34, 34, 34, 34, 34, 1]
1031 [515, 515, 1]
1033 [516, 516, 1]
1039 [1038, 1]
1049 [1048, 1]
1051 [210, 210, 210, 210, 210, 1]
1061 [1060, 1]
1063 [1062, 1]
1069 [534, 534, 1]
1087 [1086, 1]
1091 [109, 109, 109, 109, 109, 109, 109, 109, 109, 109, 1]
1093 [7, 7, 7, 7, 7, 7, 7, 7, 7, 7, 7, 7, 7, 7, 7, 7, 7, 7, 7, 7, 7, 7, 7, 7, 7, 7, 7, 7, 7, 7, 7, 7, 7, 7, 7, 7, 7, 7, 7, 7, 7, 7, 7, 7, 7, 7, 7, 7, 7, 7, 7, 7, 7, 7, 7, 7, 7, 7, 7, 7, 7, 7, 7, 7, 7, 7, 7, 7, 7, 7, 7, 7, 7, 7, 7, 7, 7, 7, 7, 7, 7, 7, 7, 7, 7, 7, 7, 7, 7, 7, 7, 7, 7, 7, 7, 7, 7, 7, 7, 7, 7, 7, 7, 7, 7, 7, 7, 7, 7, 7, 7, 7, 7, 7, 7, 7, 7, 7, 7, 7, 7, 7, 7, 7, 7, 7, 7, 7, 7, 7, 7, 7, 7, 7, 7, 7, 7, 7, 7, 7, 7, 7, 7, 7, 7, 7, 7, 1, 7, 7, 7, 7, 7, 7, 7, 7, 7]
1097 [1096, 1]
1103 [551, 551, 1]
1109 [1108, 1]
1117 [93, 93, 93, 93, 93, 93, 93, 93, 93, 93, 93, 93, 1]
1123 [1122, 1]
1129 [564, 564, 1]
1151 [575, 575, 1]
1153 [576, 576, 1]
1163 [581, 581, 1]
1171 [234, 234, 234, 234, 234, 1]
1181 [20, 20, 20, 20, 20, 20, 20, 20, 20, 20, 20, 20, 20, 20, 20, 20, 20, 20, 20, 20, 20, 20, 20, 20, 20, 20, 20, 20, 20, 20, 20, 20, 20, 20, 20, 20, 20, 20, 20, 20, 20, 20, 20, 20, 20, 20, 20, 20, 20, 20, 20, 20, 20, 20, 20, 20, 20, 20, 20, 1]
1187 [593, 593, 1]
1193 [1192, 1]
1201 [300, 300, 300, 300, 1]
1213 [303, 303, 303, 303, 1]
1217 [1216, 1]
1223 [47, 47, 47, 47, 47, 47, 47, 47, 47, 47, 47, 47, 47, 47, 47, 47, 47, 47, 47, 47, 47, 47, 47, 47, 47, 47, 1]
1229 [1228, 1]
1231 [1230, 1]
1237 [309, 309, 309, 309, 1]
1249 [208, 208, 208, 208, 208, 208, 1]
1259 [629, 629, 1]
1277 [1276, 1]
1279 [1278, 1]
1283 [641, 641, 1]
1289 [184, 184, 184, 184, 184, 184, 184, 1]
1291 [1290, 1]
1297 [162, 162, 162, 162, 162, 162, 162, 162, 1]
1301 [1300, 1]
1303 [434, 434, 434, 1]
1307 [653, 653, 1]
1319 [659, 659, 1]
1321 [55, 55, 55, 55, 55, 55, 55, 55, 55, 55, 55, 55, 55, 55, 55, 55, 55, 55, 55, 55, 55, 55, 55, 55, 1]
1327 [1326, 1]
1361 [1360, 1]
1367 [683, 683, 1]
1373 [1372, 1]
1381 [345, 345, 345, 345, 1]
1399 [466, 466, 466, 1]
1409 [1408, 1]
1423 [1422, 1]
1427 [713, 713, 1]
1429 [714, 714, 1]
1433 [1432, 1]
1439 [719, 719, 1]
1447 [1446, 1]
1451 [725, 725, 1]
1453 [363, 363, 363, 363, 1]
1459 [1458, 1]
1471 [294, 294, 294, 294, 294, 1]
1481 [1480, 1]
1483 [1482, 1]
1487 [743, 743, 1]
1489 [744, 744, 1]
1493 [1492, 1]
1499 [749, 749, 1]
1511 [151, 151, 151, 151, 151, 151, 151, 151, 151, 151, 1]
1523 [761, 761, 1]
1531 [170, 170, 170, 170, 170, 170, 170, 170, 170, 1]
1543 [514, 514, 514, 1]
1549 [258, 258, 258, 258, 258, 258, 1]
1553 [1552, 1]
1559 [779, 779, 1]
1567 [1566, 1]
1571 [785, 785, 1]
1579 [1578, 1]
1583 [113, 113, 113, 113, 113, 113, 113, 113, 113, 113, 113, 113, 113, 113, 1]
1597 [19, 19, 19, 19, 19, 19, 19, 19, 19, 19, 19, 19, 19, 19, 19, 19, 19, 19, 19, 19, 19, 19, 19, 19, 19, 19, 19, 19, 19, 19, 19, 19, 19, 19, 19, 19, 19, 19, 19, 19, 19, 19, 19, 19, 19, 19, 19, 19, 19, 19, 19, 19, 19, 19, 19, 19, 19, 19, 19, 19, 19, 19, 19, 19, 19, 19, 19, 19, 19, 19, 19, 19, 19, 19, 19, 19, 19, 19, 19, 19, 19, 19, 19, 19, 1]
1601 [1600, 1]
1607 [803, 803, 1]
1609 [268, 268, 268, 268, 268, 268, 1]
1613 [1612, 1]
1619 [809, 809, 1]
1621 [45, 45, 45, 45, 45, 45, 45, 45, 45, 45, 45, 45, 45, 45, 45, 45, 45, 45, 45, 45, 45, 45, 45, 45, 45, 45, 45, 45, 45, 45, 45, 45, 45, 45, 45, 45, 1]
1627 [1626, 1]
1637 [1636, 1]
1657 [207, 207, 207, 207, 207, 207, 207, 207, 1]
1663 [1662, 1]
1667 [833, 833, 1]
1669 [139, 139, 139, 139, 139, 139, 139, 139, 139, 139, 139, 139, 1]
1693 [846, 846, 1]
1697 [1696, 1]
1699 [1698, 1]
1709 [1708, 1]
1721 [1720, 1]
1723 [1722, 1]
1733 [1732, 1]
1741 [870, 870, 1]
1747 [1746, 1]
1753 [876, 876, 1]
1759 [586, 586, 586, 1]
1777 [888, 888, 1]
1783 [594, 594, 594, 1]
1787 [893, 893, 1]
1789 [894, 894, 1]
1801 [450, 450, 450, 450, 1]
1811 [905, 905, 1]
1823 [911, 911, 1]
1831 [1830, 1]
1847 [923, 923, 1]
1861 [310, 310, 310, 310, 310, 310, 1]
1867 [622, 622, 622, 1]
1871 [17, 17, 17, 17, 17, 17, 17, 17, 17, 17, 17, 17, 17, 17, 17, 17, 17, 17, 17, 17, 17, 17, 17, 17, 17, 17, 17, 17, 17, 17, 17, 17, 17, 17, 17, 17, 17, 17, 17, 17, 17, 17, 17, 17, 17, 17, 17, 17, 17, 17, 17, 17, 17, 17, 17, 17, 17, 17, 17, 17, 17, 17, 17, 17, 17, 17, 17, 17, 17, 17, 17, 17, 17, 17, 17, 17, 17, 17, 17, 17, 17, 17, 17, 17, 17, 17, 17, 17, 17, 17, 17, 17, 17, 17, 17, 17, 17, 17, 17, 17, 17, 17, 17, 17, 17, 17, 17, 17, 17, 17, 1]
1873 [936, 936, 1]
1877 [268, 268, 268, 268, 268, 268, 268, 1]
1879 [626, 626, 626, 1]
1889 [1888, 1]
1901 [1900, 1]
1907 [953, 953, 1]
1913 [1912, 1]
1931 [965, 965, 1]
1933 [322, 322, 322, 322, 322, 322, 1]
1949 [1948, 1]
1951 [1950, 1]
1973 [1972, 1]
1979 [989, 989, 1]
1987 [1986, 1]
1993 [498, 498, 498, 498, 1]
1997 [1996, 1]
1999 [1998, 1]
2003 [1001, 1001, 1]
2011 [2010, 1]
2017 [1008, 1008, 1]
2027 [1013, 1013, 1]
2029 [169, 169, 169, 169, 169, 169, 169, 169, 169, 169, 169, 169, 1]
2039 [1019, 1019, 1]
2053 [1026, 1026, 1]
2063 [1031, 1031, 1]
2069 [2068, 1]
2081 [2080, 1]
2083 [2082, 1]
2087 [1043, 1043, 1]
2089 [1044, 1044, 1]
2099 [1049, 1049, 1]
2111 [211, 211, 211, 211, 211, 211, 211, 211, 211, 211, 1]
2113 [1056, 1056, 1]
2129 [2128, 1]
2131 [142, 142, 142, 142, 142, 142, 142, 142, 142, 142, 142, 142, 142, 142, 142, 1]
2137 [534, 534, 534, 534, 1]
2141 [2140, 1]
2143 [2142, 1]
2153 [2152, 1]
2161 [216, 216, 216, 216, 216, 216, 216, 216, 216, 216, 1]
2179 [242, 242, 242, 242, 242, 242, 242, 242, 242, 1]
2203 [734, 734, 734, 1]
2207 [1103, 1103, 1]
2213 [2212, 1]
2221 [185, 185, 185, 185, 185, 185, 185, 185, 185, 185, 185, 185, 1]
2237 [2236, 1]
2239 [2238, 1]
2243 [1121, 1121, 1]
2251 [250, 250, 250, 250, 250, 250, 250, 250, 250, 1]
2267 [1133, 1133, 1]
2269 [42, 42, 42, 42, 42, 42, 42, 42, 42, 42, 42, 42, 42, 42, 42, 42, 42, 42, 42, 42, 42, 42, 42, 42, 42, 42, 42, 42, 42, 42, 42, 42, 42, 42, 42, 42, 42, 42, 42, 42, 42, 42, 42, 42, 42, 42, 42, 42, 42, 42, 42, 42, 42, 42, 1]
2273 [2272, 1]
2281 [228, 228, 228, 228, 228, 228, 228, 228, 228, 228, 1]
2287 [762, 762, 762, 1]
2293 [1146, 1146, 1]
2297 [328, 328, 328, 328, 328, 328, 328, 1]
2309 [2308, 1]
2311 [2310, 1]
2333 [2332, 1]
2339 [1169, 1169, 1]
2341 [195, 195, 195, 195, 195, 195, 195, 195, 195, 195, 195, 195, 1]
2347 [2346, 1]
2351 [1175, 1175, 1]
2357 [2356, 1]
2371 [2370, 1]
2377 [1188, 1188, 1]
2381 [2380, 1]
2383 [794, 794, 794, 1]
2389 [398, 398, 398, 398, 398, 398, 1]
2393 [2392, 1]
2399 [1199, 1199, 1]
2411 [1205, 1205, 1]
2417 [2416, 1]
2423 [1211, 1211, 1]
2437 [1218, 1218, 1]
2441 [488, 488, 488, 488, 488, 1]
2447 [1223, 1223, 1]
2459 [1229, 1229, 1]
2467 [2466, 1]
2473 [618, 618, 618, 618, 1]
2477 [2476, 1]
2503 [2502, 1]
2521 [126, 126, 126, 126, 126, 126, 126, 126, 126, 126, 126, 126, 126, 126, 126, 126, 126, 126, 126, 126, 1]
2531 [1265, 1265, 1]
2539 [2538, 1]
2543 [1271, 1271, 1]
2549 [2548, 1]
2551 [150, 150, 150, 150, 150, 150, 150, 150, 150, 150, 150, 150, 150, 150, 150, 150, 150, 1]
2557 [639, 639, 639, 639, 1]
2579 [1289, 1289, 1]
2591 [259, 259, 259, 259, 259, 259, 259, 259, 259, 259, 1]
2593 [648, 648, 648, 648, 1]
2609 [2608, 1]
2617 [436, 436, 436, 436, 436, 436, 1]
2621 [524, 524, 524, 524, 524, 1]
2633 [2632, 1]
2647 [2646, 1]
2657 [2656, 1]
2659 [2658, 1]
2663 [1331, 1331, 1]
2671 [890, 890, 890, 1]
2677 [669, 669, 669, 669, 1]
2683 [2682, 1]
2687 [1343, 1343, 1]
2689 [1344, 1344, 1]
2693 [2692, 1]
2699 [1349, 1349, 1]
2707 [2706, 1]
2711 [1355, 1355, 1]
2713 [452, 452, 452, 452, 452, 452, 1]
2719 [2718, 1]
2729 [2728, 1]
2731 [2730, 1]
2741 [2740, 1]
2749 [1374, 1374, 1]
2753 [2752, 1]
2767 [2766, 1]
2777 [2776, 1]
2789 [2788, 1]
2791 [558, 558, 558, 558, 558, 1]
2797 [699, 699, 699, 699, 1]
2801 [2800, 1]
2803 [934, 934, 934, 1]
2819 [1409, 1409, 1]
2833 [708, 708, 708, 708, 1]
2837 [2836, 1]
2843 [203, 203, 203, 203, 203, 203, 203, 203, 203, 203, 203, 203, 203, 203, 1]
2851 [38, 38, 38, 38, 38, 38, 38, 38, 38, 38, 38, 38, 38, 38, 38, 38, 38, 38, 38, 38, 38, 38, 38, 38, 38, 38, 38, 38, 38, 38, 38, 38, 38, 38, 38, 38, 38, 38, 38, 38, 38, 38, 38, 38, 38, 38, 38, 38, 38, 38, 38, 38, 38, 38, 38, 38, 38, 38, 38, 38, 38, 38, 38, 38, 38, 38, 38, 38, 38, 38, 38, 38, 38, 38, 38, 1]
2857 [84, 84, 84, 84, 84, 84, 84, 84, 84, 84, 84, 84, 84, 84, 84, 84, 84, 84, 84, 84, 84, 84, 84, 84, 84, 84, 84, 84, 84, 84, 84, 84, 84, 84, 1]
2861 [2860, 1]
2879 [1439, 1439, 1]
2887 [78, 78, 78, 78, 78, 78, 78, 78, 78, 78, 78, 78, 78, 78, 78, 78, 78, 78, 78, 78, 78, 78, 78, 78, 78, 78, 78, 78, 78, 78, 78, 78, 78, 78, 78, 78, 78, 1]
2897 [2896, 1]
2903 [1451, 1451, 1]
2909 [2908, 1]
2917 [1458, 1458, 1]
2927 [209, 209, 209, 209, 209, 209, 209, 209, 209, 209, 209, 209, 209, 209, 1]
2939 [1469, 1469, 1]
2953 [738, 738, 738, 738, 1]
2957 [2956, 1]
2963 [1481, 1481, 1]
2969 [2968, 1]
2971 [990, 990, 990, 1]
2999 [1499, 1499, 1]
3001 [500, 500, 500, 500, 500, 500, 1]
3011 [1505, 1505, 1]
3019 [1006, 1006, 1006, 1]
3023 [1511, 1511, 1]
3037 [1518, 1518, 1]
3041 [3040, 1]
3049 [508, 508, 508, 508, 508, 508, 1]
3061 [1530, 1530, 1]
3067 [1022, 1022, 1022, 1]
3079 [114, 114, 114, 114, 114, 114, 114, 114, 114, 114, 114, 114, 114, 114, 114, 114, 114, 114, 114, 114, 114, 114, 114, 114, 114, 114, 114, 1]
3083 [1541, 1541, 1]
3089 [3088, 1]
3109 [518, 518, 518, 518, 518, 518, 1]
3119 [1559, 1559, 1]
3121 [1560, 1560, 1]
3137 [3136, 1]
3163 [3162, 1]
3167 [1583, 1583, 1]
3169 [792, 792, 792, 792, 1]
3181 [265, 265, 265, 265, 265, 265, 265, 265, 265, 265, 265, 265, 1]
3187 [118, 118, 118, 118, 118, 118, 118, 118, 118, 118, 118, 118, 118, 118, 118, 118, 118, 118, 118, 118, 118, 118, 118, 118, 118, 118, 118, 1]
3191 [319, 319, 319, 319, 319, 319, 319, 319, 319, 319, 1]
3203 [1601, 1601, 1]
3209 [3208, 1]
3217 [536, 536, 536, 536, 536, 536, 1]
3221 [644, 644, 644, 644, 644, 1]
3229 [807, 807, 807, 807, 1]
3251 [1625, 1625, 1]
3253 [271, 271, 271, 271, 271, 271, 271, 271, 271, 271, 271, 271, 1]
3257 [3256, 1]
3259 [3258, 1]
3271 [3270, 1]
3299 [1649, 1649, 1]
3301 [1650, 1650, 1]
3307 [3306, 1]
3313 [1656, 1656, 1]
3319 [1106, 1106, 1106, 1]
3323 [1661, 1661, 1]
3329 [3328, 1]
3331 [3330, 1]
3343 [1114, 1114, 1114, 1]
3347 [1673, 1673, 1]
3359 [1679, 1679, 1]
3361 [1680, 1680, 1]
3371 [1685, 1685, 1]
3373 [281, 281, 281, 281, 281, 281, 281, 281, 281, 281, 281, 281, 1]
3389 [3388, 1]
3391 [3390, 1]
3407 [1703, 1703, 1]
3413 [3412, 1]
3433 [1716, 1716, 1]
3449 [3448, 1]
3457 [1728, 1728, 1]
3461 [3460, 1]
3463 [3462, 1]
3467 [1733, 1733, 1]
3469 [867, 867, 867, 867, 1]
3491 [1745, 1745, 1]
3499 [1166, 1166, 1166, 1]
3511 [270, 270, 270, 270, 270, 270, 270, 270, 270, 270, 270, 270, 270, 1]
3517 [586, 586, 586, 586, 586, 586, 1]
3527 [1763, 1763, 1]
3529 [294, 294, 294, 294, 294, 294, 294, 294, 294, 294, 294, 294, 1]
3533 [3532, 1]
3539 [1769, 1769, 1]
3541 [1770, 1770, 1]
3547 [3546, 1]
3557 [3556, 1]
3559 [3558, 1]
3571 [3570, 1]
3581 [3580, 1]
3583 [3582, 1]
3593 [3592, 1]
3607 [1202, 1202, 1202, 1]
3613 [1806, 1806, 1]
3617 [3616, 1]
3623 [1811, 1811, 1]
3631 [1210, 1210, 1210, 1]
3637 [909, 909, 909, 909, 1]
3643 [3642, 1]
3659 [1829, 1829, 1]
3671 [1835, 1835, 1]
3673 [459, 459, 459, 459, 459, 459, 459, 459, 1]
3677 [3676, 1]
3691 [738, 738, 738, 738, 738, 1]
3697 [231, 231, 231, 231, 231, 231, 231, 231, 231, 231, 231, 231, 231, 231, 231, 231, 1]
3701 [3700, 1]
3709 [1854, 1854, 1]
3719 [1859, 1859, 1]
3727 [3726, 1]
3733 [311, 311, 311, 311, 311, 311, 311, 311, 311, 311, 311, 311, 1]
3739 [1246, 1246, 1246, 1]
3761 [3760, 1]
3767 [1883, 1883, 1]
3769 [942, 942, 942, 942, 1]
3779 [1889, 1889, 1]
3793 [1896, 1896, 1]
3797 [3796, 1]
3803 [1901, 1901, 1]
3821 [3820, 1]
3823 [3822, 1]
3833 [3832, 1]
3847 [1282, 1282, 1282, 1]
3851 [11, 11, 11, 11, 11, 11, 11, 11, 11, 11, 11, 11, 11, 11, 11, 11, 11, 11, 11, 11, 11, 11, 11, 11, 11, 11, 11, 11, 11, 11, 11, 11, 11, 11, 11, 11, 11, 11, 11, 11, 11, 11, 11, 11, 11, 11, 11, 11, 11, 11, 11, 11, 11, 11, 11, 11, 11, 11, 11, 11, 11, 11, 11, 11, 11, 11, 11, 11, 11, 11, 11, 11, 11, 11, 11, 11, 11, 11, 11, 11, 11, 11, 11, 11, 11, 11, 11, 11, 11, 11, 11, 11, 11, 11, 11, 11, 11, 11, 11, 11, 11, 11, 11, 11, 11, 11, 11, 11, 11, 11, 11, 11, 11, 11, 11, 11, 11, 11, 11, 11, 11, 11, 11, 11, 11, 11, 11, 11, 11, 11, 11, 11, 11, 11, 11, 11, 11, 11, 11, 11, 11, 11, 11, 11, 11, 11, 11, 11, 11, 11, 11, 11, 11, 11, 11, 11, 11, 11, 11, 11, 11, 11, 11, 11, 11, 11, 11, 11, 11, 11, 11, 11, 11, 11, 11, 11, 11, 11, 11, 11, 11, 11, 11, 11, 11, 11, 11, 11, 11, 11, 11, 11, 11, 11, 11, 11, 11, 11, 11, 11, 11, 11, 11, 11, 11, 11, 11, 11, 11, 11, 11, 11, 11, 11, 11, 11, 11, 11, 11, 11, 11, 11, 11, 11, 11, 11, 11, 11, 11, 11, 11, 11, 11, 11, 11, 11, 11, 11, 11, 11, 11, 11, 11, 11, 11, 11, 11, 11, 11, 11, 11, 11, 11, 11, 11, 11, 11, 11, 11, 11, 11, 11, 11, 11, 11, 11, 11, 11, 11, 11, 11, 11, 11, 11, 11, 11, 11, 11, 11, 11, 11, 11, 11, 11, 11, 11, 11, 11, 11, 11, 11, 11, 11, 11, 11, 11, 11, 11, 11, 11, 11, 11, 11, 11, 11, 11, 11, 11, 11, 11, 11, 11, 11, 11, 11, 11, 11, 11, 11, 11, 11, 11, 11, 11, 11, 11, 11, 11, 11, 11, 11, 11, 11, 11, 11, 11, 11, 11, 11, 11, 11, 11, 11, 11, 11, 11, 1, 11, 11, 11, 11]
3853 [321, 321, 321, 321, 321, 321, 321, 321, 321, 321, 321, 321, 1]
3863 [1931, 1931, 1]
3877 [1938, 1938, 1]
3881 [776, 776, 776, 776, 776, 1]
3889 [81, 81, 81, 81, 81, 81, 81, 81, 81, 81, 81, 81, 81, 81, 81, 81, 81, 81, 81, 81, 81, 81, 81, 81, 81, 81, 81, 81, 81, 81, 81, 81, 81, 81, 81, 81, 81, 81, 81, 81, 81, 81, 81, 81, 81, 81, 81, 81, 1]
3907 [1302, 1302, 1302, 1]
3911 [1955, 1955, 1]
3917 [3916, 1]
3919 [3918, 1]
3923 [1961, 1961, 1]
3929 [3928, 1]
3931 [3930, 1]
3943 [3942, 1]
3947 [1973, 1973, 1]
3967 [1322, 1322, 1322, 1]
3989 [3988, 1]
4001 [4000, 1]
4003 [4002, 1]
4007 [2003, 2003, 1]
4013 [4012, 1]
4019 [49, 49, 49, 49, 49, 49, 49, 49, 49, 49, 49, 49, 49, 49, 49, 49, 49, 49, 49, 49, 49, 49, 49, 49, 49, 49, 49, 49, 49, 49, 49, 49, 49, 49, 49, 49, 49, 49, 49, 49, 49, 49, 49, 49, 49, 49, 49, 49, 49, 49, 49, 49, 49, 49, 49, 49, 49, 49, 49, 49, 49, 49, 49, 49, 49, 49, 49, 49, 49, 49, 49, 49, 49, 49, 49, 49, 49, 49, 49, 49, 49, 49, 1]
4021 [1005, 1005, 1005, 1005, 1]
4027 [4026, 1]
4049 [4048, 1]
4051 [810, 810, 810, 810, 810, 1]
4057 [338, 338, 338, 338, 338, 338, 338, 338, 338, 338, 338, 338, 1]
4073 [4072, 1]
4079 [2039, 2039, 1]
4091 [2045, 2045, 1]
4093 [341, 341, 341, 341, 341, 341, 341, 341, 341, 341, 341, 341, 1]
4099 [1366, 1366, 1366, 1]
4111 [822, 822, 822, 822, 822, 1]
4127 [2063, 2063, 1]
4129 [129, 129, 129, 129, 129, 129, 129, 129, 129, 129, 129, 129, 129, 129, 129, 129, 129, 129, 129, 129, 129, 129, 129, 129, 129, 129, 129, 129, 129, 129, 129, 129, 1]
4133 [4132, 1]
4139 [2069, 2069, 1]
4153 [519, 519, 519, 519, 519, 519, 519, 519, 1]
4157 [4156, 1]
4159 [4158, 1]
4177 [232, 232, 232, 232, 232, 232, 232, 232, 232, 232, 232, 232, 232, 232, 232, 232, 232, 232, 1]
4201 [420, 420, 420, 420, 420, 420, 420, 420, 420, 420, 1]
4211 [2105, 2105, 1]
4217 [4216, 1]
4219 [4218, 1]
4229 [4228, 1]
4231 [4230, 1]
4241 [4240, 1]
4243 [4242, 1]
4253 [4252, 1]
4259 [2129, 2129, 1]
4261 [2130, 2130, 1]
4271 [2135, 2135, 1]
4273 [2136, 2136, 1]
4283 [2141, 2141, 1]
4289 [4288, 1]
4297 [537, 537, 537, 537, 537, 537, 537, 537, 1]
4327 [4326, 1]
4337 [4336, 1]
4339 [482, 482, 482, 482, 482, 482, 482, 482, 482, 1]
4349 [4348, 1]
4357 [198, 198, 198, 198, 198, 198, 198, 198, 198, 198, 198, 198, 198, 198, 198, 198, 198, 198, 198, 198, 198, 198, 1]
4363 [4362, 1]
4373 [4372, 1]
4391 [2195, 2195, 1]
4397 [4396, 1]
4409 [4408, 1]
4421 [4420, 1]
4423 [4422, 1]
4441 [1110, 1110, 1110, 1110, 1]
4447 [4446, 1]
4451 [2225, 2225, 1]
4457 [4456, 1]
4463 [2231, 2231, 1]
4481 [4480, 1]
4483 [1494, 1494, 1494, 1]
4493 [4492, 1]
4507 [4506, 1]
4513 [376, 376, 376, 376, 376, 376, 376, 376, 376, 376, 376, 376, 1]
4517 [4516, 1]
4519 [4518, 1]
4523 [2261, 2261, 1]
4547 [2273, 2273, 1]
4549 [2274, 2274, 1]
4561 [15, 15, 15, 15, 15, 15, 15, 15, 15, 15, 15, 15, 15, 15, 15, 15, 15, 15, 15, 15, 15, 15, 15, 15, 15, 15, 15, 15, 15, 15, 15, 15, 15, 15, 15, 15, 15, 15, 15, 15, 15, 15, 15, 15, 15, 15, 15, 15, 15, 15, 15, 15, 15, 15, 15, 15, 15, 15, 15, 15, 15, 15, 15, 15, 15, 15, 15, 15, 15, 15, 15, 15, 15, 15, 15, 15, 15, 15, 15, 15, 15, 15, 15, 15, 15, 15, 15, 15, 15, 15, 15, 15, 15, 15, 15, 15, 15, 15, 15, 15, 15, 15, 15, 15, 15, 15, 15, 15, 15, 15, 15, 15, 15, 15, 15, 15, 15, 15, 15, 15, 15, 15, 15, 15, 15, 15, 15, 15, 15, 15, 15, 15, 15, 15, 15, 15, 15, 15, 15, 15, 15, 15, 15, 15, 15, 15, 15, 15, 15, 15, 15, 15, 15, 15, 15, 15, 15, 15, 15, 15, 15, 15, 15, 15, 15, 15, 15, 15, 15, 15, 15, 15, 15, 15, 15, 15, 15, 15, 15, 15, 15, 15, 15, 15, 15, 15, 15, 15, 15, 15, 15, 15, 15, 15, 15, 15, 15, 15, 15, 15, 15, 15, 15, 15, 15, 15, 15, 15, 15, 15, 15, 15, 15, 15, 15, 15, 15, 15, 15, 15, 15, 15, 15, 15, 15, 15, 15, 15, 15, 15, 15, 15, 15, 15, 15, 15, 15, 15, 15, 15, 15, 15, 15, 15, 15, 15, 15, 15, 15, 15, 15, 15, 15, 15, 15, 15, 15, 15, 15, 15, 15, 15, 15, 15, 15, 15, 15, 15, 15, 15, 15, 15, 15, 15, 15, 15, 15, 15, 15, 15, 15, 15, 15, 15, 15, 15, 15, 15, 15, 15, 15, 15, 15, 15, 15, 15, 15, 15, 15, 15, 15, 15, 15, 1, 15]
4567 [4566, 1]
4583 [2291, 2291, 1]
4591 [270, 270, 270, 270, 270, 270, 270, 270, 270, 270, 270, 270, 270, 270, 270, 270, 270, 1]
4597 [2298, 2298, 1]
4603 [4602, 1]
4621 [2310, 2310, 1]
4637 [4636, 1]
4639 [4638, 1]
4643 [2321, 2321, 1]
4649 [4648, 1]
4651 [4650, 1]
4657 [2328, 2328, 1]
4663 [4662, 1]
4673 [4672, 1]
4679 [2339, 2339, 1]
4691 [2345, 2345, 1]
4703 [2351, 2351, 1]
4721 [944, 944, 944, 944, 944, 1]
4723 [4722, 1]
4729 [788, 788, 788, 788, 788, 788, 1]
4733 [676, 676, 676, 676, 676, 676, 676, 1]
4751 [2375, 2375, 1]
4759 [4758, 1]
4783 [1594, 1594, 1594, 1]
4787 [2393, 2393, 1]
4789 [2394, 2394, 1]
4793 [4792, 1]
4799 [2399, 2399, 1]
4801 [240, 240, 240, 240, 240, 240, 240, 240, 240, 240, 240, 240, 240, 240, 240, 240, 240, 240, 240, 240, 1]
4813 [2406, 2406, 1]
4817 [4816, 1]
4831 [4830, 1]
4861 [1215, 1215, 1215, 1215, 1]
4871 [2435, 2435, 1]
4877 [4876, 1]
4889 [4888, 1]
4903 [4902, 1]
4909 [1227, 1227, 1227, 1227, 1]
4919 [2459, 2459, 1]
4931 [2465, 2465, 1]
4933 [137, 137, 137, 137, 137, 137, 137, 137, 137, 137, 137, 137, 137, 137, 137, 137, 137, 137, 137, 137, 137, 137, 137, 137, 137, 137, 137, 137, 137, 137, 137, 137, 137, 137, 137, 137, 1]
4937 [4936, 1]
4943 [2471, 2471, 1]
4951 [330, 330, 330, 330, 330, 330, 330, 330, 330, 330, 330, 330, 330, 330, 330, 1]
4957 [413, 413, 413, 413, 413, 413, 413, 413, 413, 413, 413, 413, 1]
4967 [2483, 2483, 1]
4969 [207, 207, 207, 207, 207, 207, 207, 207, 207, 207, 207, 207, 207, 207, 207, 207, 207, 207, 207, 207, 207, 207, 207, 207, 1]
4973 [4972, 1]
4987 [4986, 1]
4993 [832, 832, 832, 832, 832, 832, 1]
4999 [4998, 1]
5003 [2501, 2501, 1]
5009 [5008, 1]
5011 [1670, 1670, 1670, 1]
5021 [5020, 1]
5023 [5022, 1]
5039 [2519, 2519, 1]
5051 [2525, 2525, 1]
5059 [1686, 1686, 1686, 1]
5077 [846, 846, 846, 846, 846, 846, 1]
5081 [5080, 1]
5087 [2543, 2543, 1]
5099 [2549, 2549, 1]
5101 [1275, 1275, 1275, 1275, 1]
5107 [138, 138, 138, 138, 138, 138, 138, 138, 138, 138, 138, 138, 138, 138, 138, 138, 138, 138, 138, 138, 138, 138, 138, 138, 138, 138, 138, 138, 138, 138, 138, 138, 138, 138, 138, 138, 138, 1]
5113 [213, 213, 213, 213, 213, 213, 213, 213, 213, 213, 213, 213, 213, 213, 213, 213, 213, 213, 213, 213, 213, 213, 213, 213, 1]
5119 [5118, 1]
5147 [2573, 2573, 1]
5153 [736, 736, 736, 736, 736, 736, 736, 1]
5167 [738, 738, 738, 738, 738, 738, 738, 1]
5171 [235, 235, 235, 235, 235, 235, 235, 235, 235, 235, 235, 235, 235, 235, 235, 235, 235, 235, 235, 235, 235, 235, 1]
5179 [1726, 1726, 1726, 1]
5189 [5188, 1]
5197 [866, 866, 866, 866, 866, 866, 1]
5209 [1302, 1302, 1302, 1302, 1]
5227 [1742, 1742, 1742, 1]
5231 [2615, 2615, 1]
5233 [436, 436, 436, 436, 436, 436, 436, 436, 436, 436, 436, 436, 1]
5237 [5236, 1]
5261 [5260, 1]
5273 [5272, 1]
5279 [2639, 2639, 1]
5281 [1320, 1320, 1320, 1320, 1]
5297 [5296, 1]
5303 [2651, 2651, 1]
5309 [5308, 1]
5323 [1774, 1774, 1774, 1]
5333 [5332, 1]
5347 [5346, 1]
5351 [535, 535, 535, 535, 535, 535, 535, 535, 535, 535, 1]
5381 [5380, 1]
5387 [2693, 2693, 1]
5393 [5392, 1]
5399 [2699, 2699, 1]
5407 [5406, 1]
5413 [1353, 1353, 1353, 1353, 1]
5417 [5416, 1]
5419 [5418, 1]
5431 [5430, 1]
5437 [1359, 1359, 1359, 1359, 1]
5441 [5440, 1]
5443 [5442, 1]
5449 [1362, 1362, 1362, 1362, 1]
5471 [2735, 2735, 1]
5477 [5476, 1]
5479 [5478, 1]
5483 [2741, 2741, 1]
5501 [44, 44, 44, 44, 44, 44, 44, 44, 44, 44, 44, 44, 44, 44, 44, 44, 44, 44, 44, 44, 44, 44, 44, 44, 44, 44, 44, 44, 44, 44, 44, 44, 44, 44, 44, 44, 44, 44, 44, 44, 44, 44, 44, 44, 44, 44, 44, 44, 44, 44, 44, 44, 44, 44, 44, 44, 44, 44, 44, 44, 44, 44, 44, 44, 44, 44, 44, 44, 44, 44, 44, 44, 44, 44, 44, 44, 44, 44, 44, 44, 44, 44, 44, 44, 44, 44, 44, 44, 44, 44, 44, 44, 44, 44, 44, 44, 44, 44, 44, 44, 44, 44, 44, 44, 44, 44, 44, 44, 44, 44, 44, 44, 44, 44, 44, 44, 44, 44, 44, 44, 44, 44, 44, 44, 44, 1]
5503 [5502, 1]
5507 [2753, 2753, 1]
5519 [2759, 2759, 1]
5521 [460, 460, 460, 460, 460, 460, 460, 460, 460, 460, 460, 460, 1]
5527 [1842, 1842, 1842, 1]
5531 [395, 395, 395, 395, 395, 395, 395, 395, 395, 395, 395, 395, 395, 395, 1]
5557 [1389, 1389, 1389, 1389, 1]
5563 [5562, 1]
5569 [928, 928, 928, 928, 928, 928, 1]
5573 [5572, 1]
5581 [2790, 2790, 1]
5591 [559, 559, 559, 559, 559, 559, 559, 559, 559, 559, 1]
5623 [1874, 1874, 1874, 1]
5639 [2819, 2819, 1]
5641 [2820, 2820, 1]
5647 [5646, 1]
5651 [2825, 2825, 1]
5653 [2826, 2826, 1]
5657 [5656, 1]
5659 [1886, 1886, 1886, 1]
5669 [5668, 1]
5683 [5682, 1]
5689 [2844, 2844, 1]
5693 [5692, 1]
5701 [1425, 1425, 1425, 1425, 1]
5711 [2855, 2855, 1]
5717 [5716, 1]
5737 [956, 956, 956, 956, 956, 956, 1]
5741 [5740, 1]
5743 [522, 522, 522, 522, 522, 522, 522, 522, 522, 522, 522, 1]
5749 [1437, 1437, 1437, 1437, 1]
5779 [5778, 1]
5783 [2891, 2891, 1]
5791 [1930, 1930, 1930, 1]
5801 [5800, 1]
5807 [2903, 2903, 1]
5813 [5812, 1]
5821 [1455, 1455, 1455, 1455, 1]
5827 [5826, 1]
5839 [1946, 1946, 1946, 1]
5843 [127, 127, 127, 127, 127, 127, 127, 127, 127, 127, 127, 127, 127, 127, 127, 127, 127, 127, 127, 127, 127, 127, 127, 127, 127, 127, 127, 127, 127, 127, 127, 127, 127, 127, 127, 127, 127, 127, 127, 127, 127, 127, 127, 127, 127, 127, 1]
5849 [5848, 1]
5851 [1950, 1950, 1950, 1]
5857 [2928, 2928, 1]
5861 [5860, 1]
5867 [2933, 2933, 1]
5869 [1467, 1467, 1467, 1467, 1]
5879 [2939, 2939, 1]
5881 [2940, 2940, 1]
5897 [5896, 1]
5903 [2951, 2951, 1]
5923 [5922, 1]
5927 [2963, 2963, 1]
5939 [2969, 2969, 1]
5953 [2976, 2976, 1]
5981 [5980, 1]
5987 [2993, 2993, 1]
6007 [6006, 1]
6011 [601, 601, 601, 601, 601, 601, 601, 601, 601, 601, 1]
6029 [6028, 1]
6037 [3018, 3018, 1]
6043 [2014, 2014, 2014, 1]
6047 [3023, 3023, 1]
6053 [6052, 1]
6067 [674, 674, 674, 674, 674, 674, 674, 674, 674, 1]
6073 [759, 759, 759, 759, 759, 759, 759, 759, 1]
6079 [2026, 2026, 2026, 1]
6089 [6088, 1]
6091 [58, 58, 58, 58, 58, 58, 58, 58, 58, 58, 58, 58, 58, 58, 58, 58, 58, 58, 58, 58, 58, 58, 58, 58, 58, 58, 58, 58, 58, 58, 58, 58, 58, 58, 58, 58, 58, 58, 58, 58, 58, 58, 58, 58, 58, 58, 58, 58, 58, 58, 58, 58, 58, 58, 58, 58, 58, 58, 58, 58, 58, 58, 58, 58, 58, 58, 58, 58, 58, 58, 58, 58, 58, 58, 58, 58, 58, 58, 58, 58, 58, 58, 58, 58, 58, 58, 58, 58, 58, 58, 58, 58, 58, 58, 58, 58, 58, 58, 58, 58, 58, 58, 58, 58, 58, 1]
6101 [1220, 1220, 1220, 1220, 1220, 1]
6113 [6112, 1]
6121 [3060, 3060, 1]
6131 [3065, 3065, 1]
6133 [3066, 3066, 1]
6143 [3071, 3071, 1]
6151 [6150, 1]
6163 [6162, 1]
6173 [6172, 1]
6197 [6196, 1]
6199 [6198, 1]
6203 [3101, 3101, 1]
6211 [230, 230, 230, 230, 230, 230, 230, 230, 230, 230, 230, 230, 230, 230, 230, 230, 230, 230, 230, 230, 230, 230, 230, 230, 230, 230, 230, 1]
6217 [3108, 3108, 1]
6221 [6220, 1]
6229 [3114, 3114, 1]
6247 [694, 694, 694, 694, 694, 694, 694, 694, 694, 1]
6257 [6256, 1]
6263 [3131, 3131, 1]
6269 [6268, 1]
6271 [2090, 2090, 2090, 1]
6277 [3138, 3138, 1]
6287 [3143, 3143, 1]
6299 [3149, 3149, 1]
6301 [105, 105, 105, 105, 105, 105, 105, 105, 105, 105, 105, 105, 105, 105, 105, 105, 105, 105, 105, 105, 105, 105, 105, 105, 105, 105, 105, 105, 105, 105, 105, 105, 105, 105, 105, 105, 105, 105, 105, 105, 105, 105, 105, 105, 105, 105, 105, 105, 105, 105, 105, 105, 105, 105, 105, 105, 105, 105, 105, 105, 1]
6311 [631, 631, 631, 631, 631, 631, 631, 631, 631, 631, 1]
6317 [6316, 1]
6323 [3161, 3161, 1]
6329 [6328, 1]
6337 [1584, 1584, 1584, 1584, 1]
6343 [6342, 1]
6353 [6352, 1]
6359 [187, 187, 187, 187, 187, 187, 187, 187, 187, 187, 187, 187, 187, 187, 187, 187, 187, 187, 187, 187, 187, 187, 187, 187, 187, 187, 187, 187, 187, 187, 187, 187, 187, 187, 1]
6361 [3180, 3180, 1]
6367 [6366, 1]
6373 [3186, 3186, 1]
6379 [6378, 1]
6389 [6388, 1]
6397 [3198, 3198, 1]
6421 [321, 321, 321, 321, 321, 321, 321, 321, 321, 321, 321, 321, 321, 321, 321, 321, 321, 321, 321, 321, 1]
6427 [6426, 1]
6449 [6448, 1]
6451 [6450, 1]
6469 [1617, 1617, 1617, 1617, 1]
6473 [6472, 1]
6481 [24, 24, 24, 24, 24, 24, 24, 24, 24, 24, 24, 24, 24, 24, 24, 24, 24, 24, 24, 24, 24, 24, 24, 24, 24, 24, 24, 24, 24, 24, 24, 24, 24, 24, 24, 24, 24, 24, 24, 24, 24, 24, 24, 24, 24, 24, 24, 24, 24, 24, 24, 24, 24, 24, 24, 24, 24, 24, 24, 24, 24, 24, 24, 24, 24, 24, 24, 24, 24, 24, 24, 24, 24, 24, 24, 24, 24, 24, 24, 24, 24, 24, 24, 24, 24, 24, 24, 24, 24, 24, 24, 24, 24, 24, 24, 24, 24, 24, 24, 24, 24, 24, 24, 24, 24, 24, 24, 24, 24, 24, 24, 24, 24, 24, 24, 24, 24, 24, 24, 24, 24, 24, 24, 24, 24, 24, 24, 24, 24, 24, 24, 24, 24, 24, 24, 24, 24, 24, 24, 24, 24, 24, 24, 24, 24, 24, 24, 24, 24, 24, 24, 24, 24, 24, 24, 24, 24, 24, 24, 24, 24, 24, 24, 24, 24, 24, 24, 24, 24, 24, 24, 24, 24, 24, 24, 24, 24, 24, 24, 24, 24, 24, 24, 24, 24, 24, 24, 24, 24, 24, 24, 24, 24, 24, 24, 24, 24, 24, 24, 24, 24, 24, 24, 24, 24, 24, 24, 24, 24, 24, 24, 24, 24, 24, 24, 24, 24, 24, 24, 24, 24, 24, 24, 24, 24, 24, 24, 24, 24, 24, 24, 24, 24, 24, 24, 24, 24, 24, 24, 24, 24, 24, 24, 24, 24, 24, 24, 24, 24, 24, 24, 24, 24, 24, 24, 24, 24, 24, 24, 24, 24, 24, 24, 24, 24, 24, 24, 24, 24, 24, 1]
6491 [3245, 3245, 1]
6521 [1304, 1304, 1304, 1304, 1304, 1]
6529 [816, 816, 816, 816, 816, 816, 816, 816, 1]
6547 [6546, 1]
6551 [3275, 3275, 1]
6553 [39, 39, 39, 39, 39, 39, 39, 39, 39, 39, 39, 39, 39, 39, 39, 39, 39, 39, 39, 39, 39, 39, 39, 39, 39, 39, 39, 39, 39, 39, 39, 39, 39, 39, 39, 39, 39, 39, 39, 39, 39, 39, 39, 39, 39, 39, 39, 39, 39, 39, 39, 39, 39, 39, 39, 39, 39, 39, 39, 39, 39, 39, 39, 39, 39, 39, 39, 39, 39, 39, 39, 39, 39, 39, 39, 39, 39, 39, 39, 39, 39, 39, 39, 39, 39, 39, 39, 39, 39, 39, 39, 39, 39, 39, 39, 39, 39, 39, 39, 39, 39, 39, 39, 39, 39, 39, 39, 39, 39, 39, 39, 39, 39, 39, 39, 39, 39, 39, 39, 39, 39, 39, 39, 39, 39, 39, 39, 39, 39, 39, 39, 39, 39, 39, 39, 39, 39, 39, 39, 39, 39, 39, 39, 39, 39, 39, 39, 39, 39, 39, 39, 39, 39, 39, 39, 39, 39, 39, 39, 39, 39, 39, 39, 39, 39, 39, 39, 39, 1]
6563 [193, 193, 193, 193, 193, 193, 193, 193, 193, 193, 193, 193, 193, 193, 193, 193, 193, 193, 193, 193, 193, 193, 193, 193, 193, 193, 193, 193, 193, 193, 193, 193, 193, 193, 1]
6569 [6568, 1]
6571 [6570, 1]
6577 [3288, 3288, 1]
6581 [1316, 1316, 1316, 1316, 1316, 1]
6599 [3299, 3299, 1]
6607 [6606, 1]
6619 [6618, 1]
6637 [1106, 1106, 1106, 1106, 1106, 1106, 1]
6653 [6652, 1]
6659 [3329, 3329, 1]
6661 [1665, 1665, 1665, 1665, 1]
6673 [3336, 3336, 1]
6679 [954, 954, 954, 954, 954, 954, 954, 1]
6689 [6688, 1]
6691 [6690, 1]
6701 [1340, 1340, 1340, 1340, 1340, 1]
6703 [2234, 2234, 2234, 1]
6709 [1118, 1118, 1118, 1118, 1118, 1118, 1]
6719 [3359, 3359, 1]
6733 [1683, 1683, 1683, 1683, 1]
6737 [6736, 1]
6761 [6760, 1]
6763 [6762, 1]
6779 [3389, 3389, 1]
6781 [1695, 1695, 1695, 1695, 1]
6791 [3395, 3395, 1]
6793 [1698, 1698, 1698, 1698, 1]
6803 [3401, 3401, 1]
6823 [6822, 1]
6827 [3413, 3413, 1]
6829 [3414, 3414, 1]
6833 [6832, 1]
6841 [3420, 3420, 1]
6857 [6856, 1]
6863 [3431, 3431, 1]
6869 [6868, 1]
6871 [6870, 1]
6883 [62, 62, 62, 62, 62, 62, 62, 62, 62, 62, 62, 62, 62, 62, 62, 62, 62, 62, 62, 62, 62, 62, 62, 62, 62, 62, 62, 62, 62, 62, 62, 62, 62, 62, 62, 62, 62, 62, 62, 62, 62, 62, 62, 62, 62, 62, 62, 62, 62, 62, 62, 62, 62, 62, 62, 62, 62, 62, 62, 62, 62, 62, 62, 62, 62, 62, 62, 62, 62, 62, 62, 62, 62, 62, 62, 62, 62, 62, 62, 62, 62, 62, 62, 62, 62, 62, 62, 62, 62, 62, 62, 62, 62, 62, 62, 62, 62, 62, 62, 62, 62, 62, 62, 62, 62, 62, 62, 62, 62, 62, 62, 1]
6899 [3449, 3449, 1]
6907 [6906, 1]
6911 [3455, 3455, 1]
6917 [6916, 1]
6947 [3473, 3473, 1]
6949 [1737, 1737, 1737, 1737, 1]
6959 [3479, 3479, 1]
6961 [3480, 3480, 1]
6967 [2322, 2322, 2322, 1]
6971 [205, 205, 205, 205, 205, 205, 205, 205, 205, 205, 205, 205, 205, 205, 205, 205, 205, 205, 205, 205, 205, 205, 205, 205, 205, 205, 205, 205, 205, 205, 205, 205, 205, 205, 1]
6977 [6976, 1]
6983 [3491, 3491, 1]
6991 [466, 466, 466, 466, 466, 466, 466, 466, 466, 466, 466, 466, 466, 466, 466, 1]
6997 [1749, 1749, 1749, 1749, 1]
7001 [7000, 1]
7013 [7012, 1]
7019 [3509, 3509, 1]
7027 [2342, 2342, 2342, 1]
7039 [7038, 1]
7043 [503, 503, 503, 503, 503, 503, 503, 503, 503, 503, 503, 503, 503, 503, 1]
7057 [882, 882, 882, 882, 882, 882, 882, 882, 1]
7069 [589, 589, 589, 589, 589, 589, 589, 589, 589, 589, 589, 589, 1]
7079 [3539, 3539, 1]
7103 [3551, 3551, 1]
7109 [7108, 1]
7121 [7120, 1]
7127 [509, 509, 509, 509, 509, 509, 509, 509, 509, 509, 509, 509, 509, 509, 1]
7129 [3564, 3564, 1]
7151 [3575, 3575, 1]
7159 [7158, 1]
7177 [598, 598, 598, 598, 598, 598, 598, 598, 598, 598, 598, 598, 1]
7187 [3593, 3593, 1]
7193 [7192, 1]
7207 [7206, 1]
7211 [3605, 3605, 1]
7213 [1202, 1202, 1202, 1202, 1202, 1202, 1]
7219 [2406, 2406, 2406, 1]
7229 [7228, 1]
7237 [1809, 1809, 1809, 1809, 1]
7243 [7242, 1]
7247 [3623, 3623, 1]
7253 [7252, 1]
7283 [3641, 3641, 1]
7297 [192, 192, 192, 192, 192, 192, 192, 192, 192, 192, 192, 192, 192, 192, 192, 192, 192, 192, 192, 192, 192, 192, 192, 192, 192, 192, 192, 192, 192, 192, 192, 192, 192, 192, 192, 192, 192, 192, 1]
7307 [3653, 3653, 1]
7309 [3654, 3654, 1]
7321 [1830, 1830, 1830, 1830, 1]
7331 [733, 733, 733, 733, 733, 733, 733, 733, 733, 733, 1]
7333 [39, 39, 39, 39, 39, 39, 39, 39, 39, 39, 39, 39, 39, 39, 39, 39, 39, 39, 39, 39, 39, 39, 39, 39, 39, 39, 39, 39, 39, 39, 39, 39, 39, 39, 39, 39, 39, 39, 39, 39, 39, 39, 39, 39, 39, 39, 39, 39, 39, 39, 39, 39, 39, 39, 39, 39, 39, 39, 39, 39, 39, 39, 39, 39, 39, 39, 39, 39, 39, 39, 39, 39, 39, 39, 39, 39, 39, 39, 39, 39, 39, 39, 39, 39, 39, 39, 39, 39, 39, 39, 39, 39, 39, 39, 39, 39, 39, 39, 39, 39, 39, 39, 39, 39, 39, 39, 39, 39, 39, 39, 39, 39, 39, 39, 39, 39, 39, 39, 39, 39, 39, 39, 39, 39, 39, 39, 39, 39, 39, 39, 39, 39, 39, 39, 39, 39, 39, 39, 39, 39, 39, 39, 39, 39, 39, 39, 39, 39, 39, 39, 39, 39, 39, 39, 39, 39, 39, 39, 39, 39, 39, 39, 39, 39, 39, 39, 39, 39, 39, 39, 39, 39, 39, 39, 39, 39, 39, 39, 39, 39, 39, 39, 39, 39, 39, 39, 39, 39, 1]
7349 [7348, 1]
7351 [2450, 2450, 2450, 1]
7369 [614, 614, 614, 614, 614, 614, 614, 614, 614, 614, 614, 614, 1]
7393 [616, 616, 616, 616, 616, 616, 616, 616, 616, 616, 616, 616, 1]
7411 [7410, 1]
7417 [1854, 1854, 1854, 1854, 1]
7433 [7432, 1]
7451 [149, 149, 149, 149, 149, 149, 149, 149, 149, 149, 149, 149, 149, 149, 149, 149, 149, 149, 149, 149, 149, 149, 149, 149, 149, 149, 149, 149, 149, 149, 149, 149, 149, 149, 149, 149, 149, 149, 149, 149, 149, 149, 149, 149, 149, 149, 149, 149, 149, 149, 1]
7457 [7456, 1]
7459 [7458, 1]
7477 [1869, 1869, 1869, 1869, 1]
7481 [440, 440, 440, 440, 440, 440, 440, 440, 440, 440, 440, 440, 440, 440, 440, 440, 440, 1]
7487 [3743, 3743, 1]
7489 [3744, 3744, 1]
7499 [3749, 3749, 1]
7507 [834, 834, 834, 834, 834, 834, 834, 834, 834, 1]
7517 [7516, 1]
7523 [3761, 3761, 1]
7529 [7528, 1]
7537 [1884, 1884, 1884, 1884, 1]
7541 [7540, 1]
7547 [3773, 3773, 1]
7549 [3774, 3774, 1]
7559 [3779, 3779, 1]
7561 [1260, 1260, 1260, 1260, 1260, 1260, 1]
7573 [631, 631, 631, 631, 631, 631, 631, 631, 631, 631, 631, 631, 1]
7577 [7576, 1]
7583 [3791, 3791, 1]
7589 [1084, 1084, 1084, 1084, 1084, 1084, 1084, 1]
7591 [506, 506, 506, 506, 506, 506, 506, 506, 506, 506, 506, 506, 506, 506, 506, 1]
7603 [7602, 1]
7607 [3803, 3803, 1]
7621 [1905, 1905, 1905, 1905, 1]
7639 [2546, 2546, 2546, 1]
7643 [3821, 3821, 1]
7649 [7648, 1]
7669 [639, 639, 639, 639, 639, 639, 639, 639, 639, 639, 639, 639, 1]
7673 [7672, 1]
7681 [640, 640, 640, 640, 640, 640, 640, 640, 640, 640, 640, 640, 1]
7687 [854, 854, 854, 854, 854, 854, 854, 854, 854, 1]
7691 [3845, 3845, 1]
7699 [7698, 1]
7703 [3851, 3851, 1]
7717 [643, 643, 643, 643, 643, 643, 643, 643, 643, 643, 643, 643, 1]
7723 [7722, 1]
7727 [3863, 3863, 1]
7741 [1935, 1935, 1935, 1935, 1]
7753 [228, 228, 228, 228, 228, 228, 228, 228, 228, 228, 228, 228, 228, 228, 228, 228, 228, 228, 228, 228, 228, 228, 228, 228, 228, 228, 228, 228, 228, 228, 228, 228, 228, 228, 1]
7757 [1108, 1108, 1108, 1108, 1108, 1108, 1108, 1]
7759 [7758, 1]
7789 [3894, 3894, 1]
7793 [7792, 1]
7817 [7816, 1]
7823 [3911, 3911, 1]
7829 [7828, 1]
7841 [1120, 1120, 1120, 1120, 1120, 1120, 1120, 1]
7853 [604, 604, 604, 604, 604, 604, 604, 604, 604, 604, 604, 604, 604, 1]
7867 [7866, 1]
7873 [3936, 3936, 1]
7877 [7876, 1]
7879 [7878, 1]
7883 [3941, 3941, 1]
7901 [7900, 1]
7907 [3953, 3953, 1]
7919 [3959, 3959, 1]
7927 [7926, 1]
7933 [3966, 3966, 1]
7937 [7936, 1]
7949 [7948, 1]
7951 [2650, 2650, 2650, 1]
7963 [2654, 2654, 2654, 1]
7993 [1998, 1998, 1998, 1998, 1]
8009 [8008, 1]
8011 [2670, 2670, 2670, 1]
8017 [1002, 1002, 1002, 1002, 1002, 1002, 1002, 1002, 1]
8039 [4019, 4019, 1]
8053 [671, 671, 671, 671, 671, 671, 671, 671, 671, 671, 671, 671, 1]
8059 [8058, 1]
8069 [8068, 1]
8081 [8080, 1]
8087 [4043, 4043, 1]
8089 [337, 337, 337, 337, 337, 337, 337, 337, 337, 337, 337, 337, 337, 337, 337, 337, 337, 337, 337, 337, 337, 337, 337, 337, 1]
8093 [8092, 1]
8101 [810, 810, 810, 810, 810, 810, 810, 810, 810, 810, 1]
8111 [4055, 4055, 1]
8117 [8116, 1]
8123 [4061, 4061, 1]
8147 [4073, 4073, 1]
8161 [1360, 1360, 1360, 1360, 1360, 1360, 1]
8167 [8166, 1]
8171 [4085, 4085, 1]
8179 [8178, 1]
8191 [910, 910, 910, 910, 910, 910, 910, 910, 910, 1]
8209 [27, 27, 27, 27, 27, 27, 27, 27, 27, 27, 27, 27, 27, 27, 27, 27, 27, 27, 27, 27, 27, 27, 27, 27, 27, 27, 27, 27, 27, 27, 27, 27, 27, 27, 27, 27, 27, 27, 27, 27, 27, 27, 27, 27, 27, 27, 27, 27, 27, 27, 27, 27, 27, 27, 27, 27, 27, 27, 27, 27, 27, 27, 27, 27, 27, 27, 27, 27, 27, 27, 27, 27, 27, 27, 27, 27, 27, 27, 27, 27, 27, 27, 27, 27, 27, 27, 27, 27, 27, 27, 27, 27, 27, 27, 27, 27, 27, 27, 27, 27, 27, 27, 27, 27, 27, 27, 27, 27, 27, 27, 27, 27, 27, 27, 27, 27, 27, 27, 27, 27, 27, 27, 27, 27, 27, 27, 27, 27, 27, 27, 27, 27, 27, 27, 27, 27, 27, 27, 27, 27, 27, 27, 27, 27, 27, 27, 27, 27, 27, 27, 27, 27, 27, 27, 27, 27, 27, 27, 27, 27, 27, 27, 27, 27, 27, 27, 27, 27, 27, 27, 27, 27, 27, 27, 27, 27, 27, 27, 27, 27, 27, 27, 27, 27, 27, 27, 27, 27, 27, 27, 27, 27, 27, 27, 27, 27, 27, 27, 27, 27, 27, 27, 27, 27, 27, 27, 27, 27, 27, 27, 27, 27, 27, 27, 27, 27, 27, 27, 27, 27, 27, 27, 27, 27, 27, 27, 27, 27, 27, 27, 27, 27, 27, 27, 27, 27, 27, 27, 27, 27, 27, 27, 27, 27, 27, 27, 27, 27, 27, 27, 27, 27, 27, 27, 27, 27, 27, 27, 27, 27, 27, 27, 27, 27, 27, 27, 27, 27, 27, 27, 27, 27, 27, 27, 27, 27, 27, 27, 27, 27, 27, 27, 27, 27, 27, 27, 27, 27, 27, 27, 27, 27, 27, 27, 27, 27, 27, 27, 27, 27, 27, 27, 27, 27, 1]
8219 [4109, 4109, 1]
8221 [1370, 1370, 1370, 1370, 1370, 1370, 1]
8231 [4115, 4115, 1]
8233 [49, 49, 49, 49, 49, 49, 49, 49, 49, 49, 49, 49, 49, 49, 49, 49, 49, 49, 49, 49, 49, 49, 49, 49, 49, 49, 49, 49, 49, 49, 49, 49, 49, 49, 49, 49, 49, 49, 49, 49, 49, 49, 49, 49, 49, 49, 49, 49, 49, 49, 49, 49, 49, 49, 49, 49, 49, 49, 49, 49, 49, 49, 49, 49, 49, 49, 49, 49, 49, 49, 49, 49, 49, 49, 49, 49, 49, 49, 49, 49, 49, 49, 49, 49, 49, 49, 49, 49, 49, 49, 49, 49, 49, 49, 49, 49, 49, 49, 49, 49, 49, 49, 49, 49, 49, 49, 49, 49, 49, 49, 49, 49, 49, 49, 49, 49, 49, 49, 49, 49, 49, 49, 49, 49, 49, 49, 49, 49, 49, 49, 49, 49, 49, 49, 49, 49, 49, 49, 49, 49, 49, 49, 49, 49, 49, 49, 49, 49, 49, 49, 49, 49, 49, 49, 49, 49, 49, 49, 49, 49, 49, 49, 49, 49, 49, 49, 49, 49, 1]
8237 [8236, 1]
8243 [4121, 4121, 1]
8263 [8262, 1]
8269 [4134, 4134, 1]
8273 [8272, 1]
8287 [8286, 1]
8291 [4145, 4145, 1]
8293 [4146, 4146, 1]
8297 [8296, 1]
8311 [8310, 1]
8317 [594, 594, 594, 594, 594, 594, 594, 594, 594, 594, 594, 594, 594, 594, 1]
8329 [4164, 4164, 1]
8353 [4176, 4176, 1]
8363 [4181, 4181, 1]
8369 [8368, 1]
8377 [1396, 1396, 1396, 1396, 1396, 1396, 1]
8387 [4193, 4193, 1]
8389 [4194, 4194, 1]
8419 [8418, 1]
8423 [4211, 4211, 1]
8429 [8428, 1]
8431 [8430, 1]
8443 [8442, 1]
8447 [4223, 4223, 1]
8461 [1410, 1410, 1410, 1410, 1410, 1410, 1]
8467 [8466, 1]
8501 [500, 500, 500, 500, 500, 500, 500, 500, 500, 500, 500, 500, 500, 500, 500, 500, 500, 1]
8513 [448, 448, 448, 448, 448, 448, 448, 448, 448, 448, 448, 448, 448, 448, 448, 448, 448, 448, 448, 1]
8521 [1065, 1065, 1065, 1065, 1065, 1065, 1065, 1065, 1]
8527 [2842, 2842, 2842, 1]
8537 [8536, 1]
8539 [8538, 1]
8543 [4271, 4271, 1]
8563 [8562, 1]
8573 [8572, 1]
8581 [1430, 1430, 1430, 1430, 1430, 1430, 1]
8597 [8596, 1]
8599 [8598, 1]
8609 [8608, 1]
8623 [8622, 1]
8627 [4313, 4313, 1]
8629 [4314, 4314, 1]
8641 [2160, 2160, 2160, 2160, 1]
8647 [8646, 1]
8663 [4331, 4331, 1]
8669 [8668, 1]
8677 [723, 723, 723, 723, 723, 723, 723, 723, 723, 723, 723, 723, 1]
8681 [1240, 1240, 1240, 1240, 1240, 1240, 1240, 1]
8689 [4344, 4344, 1]
8693 [8692, 1]
8699 [4349, 4349, 1]
8707 [2902, 2902, 2902, 1]
8713 [4356, 4356, 1]
8719 [8718, 1]
8731 [8730, 1]
8737 [182, 182, 182, 182, 182, 182, 182, 182, 182, 182, 182, 182, 182, 182, 182, 182, 182, 182, 182, 182, 182, 182, 182, 182, 182, 182, 182, 182, 182, 182, 182, 182, 182, 182, 182, 182, 182, 182, 182, 182, 182, 182, 182, 182, 182, 182, 182, 182, 1]
8741 [8740, 1]
8747 [4373, 4373, 1]
8753 [8752, 1]
8761 [4380, 4380, 1]
8779 [418, 418, 418, 418, 418, 418, 418, 418, 418, 418, 418, 418, 418, 418, 418, 418, 418, 418, 418, 418, 418, 1]
8783 [4391, 4391, 1]
8803 [2934, 2934, 2934, 1]
8807 [4403, 4403, 1]
8819 [4409, 4409, 1]
8821 [4410, 4410, 1]
8831 [883, 883, 883, 883, 883, 883, 883, 883, 883, 883, 1]
8837 [8836, 1]
8839 [8838, 1]
8849 [8848, 1]
8861 [8860, 1]
8863 [8862, 1]
8867 [4433, 4433, 1]
8887 [8886, 1]
8893 [494, 494, 494, 494, 494, 494, 494, 494, 494, 494, 494, 494, 494, 494, 494, 494, 494, 494, 1]
8923 [8922, 1]
8929 [744, 744, 744, 744, 744, 744, 744, 744, 744, 744, 744, 744, 1]
8933 [1276, 1276, 1276, 1276, 1276, 1276, 1276, 1]
8941 [4470, 4470, 1]
8951 [25, 25, 25, 25, 25, 25, 25, 25, 25, 25, 25, 25, 25, 25, 25, 25, 25, 25, 25, 25, 25, 25, 25, 25, 25, 25, 25, 25, 25, 25, 25, 25, 25, 25, 25, 25, 25, 25, 25, 25, 25, 25, 25, 25, 25, 25, 25, 25, 25, 25, 25, 25, 25, 25, 25, 25, 25, 25, 25, 25, 25, 25, 25, 25, 25, 25, 25, 25, 25, 25, 25, 25, 25, 25, 25, 25, 25, 25, 25, 25, 25, 25, 25, 25, 25, 25, 25, 25, 25, 25, 25, 25, 25, 25, 25, 25, 25, 25, 25, 25, 25, 25, 25, 25, 25, 25, 25, 25, 25, 25, 25, 25, 25, 25, 25, 25, 25, 25, 25, 25, 25, 25, 25, 25, 25, 25, 25, 25, 25, 25, 25, 25, 25, 25, 25, 25, 25, 25, 25, 25, 25, 25, 25, 25, 25, 25, 25, 25, 25, 25, 25, 25, 25, 25, 25, 25, 25, 25, 25, 25, 25, 25, 25, 25, 25, 25, 25, 25, 25, 25, 25, 25, 25, 25, 25, 25, 25, 25, 25, 25, 25, 25, 25, 25, 25, 25, 25, 25, 25, 25, 25, 25, 25, 25, 25, 25, 25, 25, 25, 25, 25, 25, 25, 25, 25, 25, 25, 25, 25, 25, 25, 25, 25, 25, 25, 25, 25, 25, 25, 25, 25, 25, 25, 25, 25, 25, 25, 25, 25, 25, 25, 25, 25, 25, 25, 25, 25, 25, 25, 25, 25, 25, 25, 25, 25, 25, 25, 25, 25, 25, 25, 25, 25, 25, 25, 25, 25, 25, 25, 25, 25, 25, 25, 25, 25, 25, 25, 25, 25, 25, 25, 25, 25, 25, 25, 25, 25, 25, 25, 25, 25, 25, 25, 25, 25, 25, 25, 25, 25, 25, 25, 25, 25, 25, 25, 25, 25, 25, 25, 25, 25, 25, 25, 25, 25, 25, 25, 25, 25, 25, 25, 25, 25, 25, 25, 25, 25, 25, 25, 25, 25, 25, 25, 25, 25, 25, 25, 25, 25, 25, 25, 25, 25, 25, 25, 25, 25, 25, 25, 25, 25, 25, 25, 25, 25, 25, 25, 25, 25, 25, 25, 25, 25, 25, 25, 25, 25, 25, 1]
8963 [4481, 4481, 1]
8969 [8968, 1]
8971 [8970, 1]
8999 [4499, 4499, 1]
9001 [1500, 1500, 1500, 1500, 1500, 1500, 1]
9007 [9006, 1]
9011 [901, 901, 901, 901, 901, 901, 901, 901, 901, 901, 1]
9013 [2253, 2253, 2253, 2253, 1]
9029 [9028, 1]
9041 [9040, 1]
9043 [9042, 1]
9049 [4524, 4524, 1]
9059 [647, 647, 647, 647, 647, 647, 647, 647, 647, 647, 647, 647, 647, 647, 1]
9067 [9066, 1]
9091 [9090, 1]
9103 [3034, 3034, 3034, 1]
9109 [138, 138, 138, 138, 138, 138, 138, 138, 138, 138, 138, 138, 138, 138, 138, 138, 138, 138, 138, 138, 138, 138, 138, 138, 138, 138, 138, 138, 138, 138, 138, 138, 138, 138, 138, 138, 138, 138, 138, 138, 138, 138, 138, 138, 138, 138, 138, 138, 138, 138, 138, 138, 138, 138, 138, 138, 138, 138, 138, 138, 138, 138, 138, 138, 138, 138, 1]
9127 [9126, 1]
9133 [2283, 2283, 2283, 2283, 1]
9137 [9136, 1]
9151 [9150, 1]
9157 [1526, 1526, 1526, 1526, 1526, 1526, 1]
9161 [9160, 1]
9173 [9172, 1]
9181 [1530, 1530, 1530, 1530, 1530, 1530, 1]
9187 [9186, 1]
9199 [9198, 1]
9203 [4601, 4601, 1]
9209 [9208, 1]
9221 [1844, 1844, 1844, 1844, 1844, 1]
9227 [4613, 4613, 1]
9239 [4619, 4619, 1]
9241 [1155, 1155, 1155, 1155, 1155, 1155, 1155, 1155, 1]
9257 [9256, 1]
9277 [773, 773, 773, 773, 773, 773, 773, 773, 773, 773, 773, 773, 1]
9281 [9280, 1]
9283 [9282, 1]
9293 [9292, 1]
9311 [4655, 4655, 1]
9319 [9318, 1]
9323 [4661, 4661, 1]
9337 [2334, 2334, 2334, 2334, 1]
9341 [1868, 1868, 1868, 1868, 1868, 1]
9343 [3114, 3114, 3114, 1]
9349 [4674, 4674, 1]
9371 [4685, 4685, 1]
9377 [9376, 1]
9391 [9390, 1]
9397 [4698, 4698, 1]
9403 [9402, 1]
9413 [9412, 1]
9419 [4709, 4709, 1]
9421 [157, 157, 157, 157, 157, 157, 157, 157, 157, 157, 157, 157, 157, 157, 157, 157, 157, 157, 157, 157, 157, 157, 157, 157, 157, 157, 157, 157, 157, 157, 157, 157, 157, 157, 157, 157, 157, 157, 157, 157, 157, 157, 157, 157, 157, 157, 157, 157, 157, 157, 157, 157, 157, 157, 157, 157, 157, 157, 157, 157, 1]
9431 [4715, 4715, 1]
9433 [4716, 4716, 1]
9437 [1348, 1348, 1348, 1348, 1348, 1348, 1348, 1]
9439 [3146, 3146, 3146, 1]
9461 [9460, 1]
9463 [9462, 1]
9467 [4733, 4733, 1]
9473 [9472, 1]
9479 [4739, 4739, 1]
9491 [4745, 4745, 1]
9497 [9496, 1]
9511 [9510, 1]
9521 [9520, 1]
9533 [9532, 1]
9539 [4769, 4769, 1]
9547 [9546, 1]
9551 [4775, 4775, 1]
9587 [4793, 4793, 1]
9601 [75, 75, 75, 75, 75, 75, 75, 75, 75, 75, 75, 75, 75, 75, 75, 75, 75, 75, 75, 75, 75, 75, 75, 75, 75, 75, 75, 75, 75, 75, 75, 75, 75, 75, 75, 75, 75, 75, 75, 75, 75, 75, 75, 75, 75, 75, 75, 75, 75, 75, 75, 75, 75, 75, 75, 75, 75, 75, 75, 75, 75, 75, 75, 75, 75, 75, 75, 75, 75, 75, 75, 75, 75, 75, 75, 75, 75, 75, 75, 75, 75, 75, 75, 75, 75, 75, 75, 75, 75, 75, 75, 75, 75, 75, 75, 75, 75, 75, 75, 75, 75, 75, 75, 75, 75, 75, 75, 75, 75, 75, 75, 75, 75, 75, 75, 75, 75, 75, 75, 75, 75, 75, 75, 75, 75, 75, 75, 75, 1]
9613 [801, 801, 801, 801, 801, 801, 801, 801, 801, 801, 801, 801, 1]
9619 [3206, 3206, 3206, 1]
9623 [4811, 4811, 1]
9629 [9628, 1]
9631 [9630, 1]
9643 [9642, 1]
9649 [4824, 4824, 1]
9661 [345, 345, 345, 345, 345, 345, 345, 345, 345, 345, 345, 345, 345, 345, 345, 345, 345, 345, 345, 345, 345, 345, 345, 345, 345, 345, 345, 345, 1]
9677 [9676, 1]
9679 [9678, 1]
9689 [9688, 1]
9697 [4848, 4848, 1]
9719 [4859, 4859, 1]
9721 [4860, 4860, 1]
9733 [4866, 4866, 1]
9739 [9738, 1]
9743 [4871, 4871, 1]
9749 [9748, 1]
9767 [4883, 4883, 1]
9769 [444, 444, 444, 444, 444, 444, 444, 444, 444, 444, 444, 444, 444, 444, 444, 444, 444, 444, 444, 444, 444, 444, 1]
9781 [4890, 4890, 1]
9787 [9786, 1]
9791 [4895, 4895, 1]
9803 [4901, 4901, 1]
9811 [9810, 1]
9817 [1636, 1636, 1636, 1636, 1636, 1636, 1]
9829 [2457, 2457, 2457, 2457, 1]
9833 [9832, 1]
9839 [4919, 4919, 1]
9851 [197, 197, 197, 197, 197, 197, 197, 197, 197, 197, 197, 197, 197, 197, 197, 197, 197, 197, 197, 197, 197, 197, 197, 197, 197, 197, 197, 197, 197, 197, 197, 197, 197, 197, 197, 197, 197, 197, 197, 197, 197, 197, 197, 197, 197, 197, 197, 197, 197, 197, 1]
9857 [896, 896, 896, 896, 896, 896, 896, 896, 896, 896, 896, 1]
9859 [3286, 3286, 3286, 1]
9871 [9870, 1]
9883 [9882, 1]
9887 [4943, 4943, 1]
9901 [825, 825, 825, 825, 825, 825, 825, 825, 825, 825, 825, 825, 1]
9907 [9906, 1]
9923 [4961, 4961, 1]
9929 [9928, 1]
9931 [3310, 3310, 3310, 1]
9941 [1420, 1420, 1420, 1420, 1420, 1420, 1420, 1]
9949 [1658, 1658, 1658, 1658, 1658, 1658, 1]
9967 [9966, 1]
9973 [831, 831, 831, 831, 831, 831, 831, 831, 831, 831, 831, 831, 1]
