--------------------
f(n)=3n+1 or n/2
--------------------
Cycle 0 (len 3):

  1 4 2

  Numbers leading to cycle 0 (9997):
    3 5 6 7 8 9 10 11 12 13 14 15 16 17 18 19 20 21 22 23 24 25 26 27 28 29 30 31 32 33 34 35 36 37 38 39 40 41 42 43 44 45 46 47 48 49 50 51 52 53 54 55 56 57 58 59 60 61 62 63 64 65 66 67 68 69 70 71 72 73 74 75 76 77 78 79 80 81 82 83 84 85 86 87 88 89 90 91 92 93 94 95 96 97 98 99 100 101 102 103

Numbers that appear to diverge (0):





--------------------
f(n)=3n+3 or n/2
--------------------
Cycle 0 (len 3):

  3 12 6

  Numbers leading to cycle 0 (9997):
    1 2 4 5 7 8 9 10 11 13 14 15 16 17 18 19 20 21 22 23 24 25 26 27 28 29 30 31 32 33 34 35 36 37 38 39 40 41 42 43 44 45 46 47 48 49 50 51 52 53 54 55 56 57 58 59 60 61 62 63 64 65 66 67 68 69 70 71 72 73 74 75 76 77 78 79 80 81 82 83 84 85 86 87 88 89 90 91 92 93 94 95 96 97 98 99 100 101 102 103

Numbers that appear to diverge (0):





--------------------
f(n)=3n+5 or n/2
--------------------
Cycle 0 (len 4):

  1 8 4 2

  Numbers leading to cycle 0 (1432):
    9 16 18 32 36 41 53 64 69 72 82 106 107 111 128 138 141 143 144 163 164 169 189 212 214 217 219 222 231 247 256 263 276 281 282 286 287 288 299 326 328 331 338 349 363 373 378 381 383 397 424 428 433 434 438 444 449 451 462 467 491 494 499 503 509 512 526 531 547 552 562 564 569 572 574 576 577 597 598 599 603 621 647 652 653 656 657 662 669 676 677 679 681 698 699 703 707 726 731 739

Cycle 1 (len 8):

  19 62 31 98 49 152 76 38

  Numbers leading to cycle 1 (4809):
    3 6 7 11 12 13 14 17 21 22 24 26 27 28 33 34 39 42 43 44 47 48 52 54 56 57 59 61 66 67 68 71 73 77 78 81 83 84 86 87 88 89 91 93 94 96 99 101 103 104 108 109 112 113 114 117 118 119 122 124 127 129 131 132 133 134 136 137 139 142 146 147 149 151 154 156 157 159 161 162 166 167 168 172 173 174 176 177 178 179 181 182 186 188 191 192 193 196 197 198

Cycle 2 (len 3):

  5 20 10

  Numbers leading to cycle 2 (1997):
    15 25 30 35 40 45 50 55 60 65 70 75 80 85 90 95 100 105 110 115 120 125 130 135 140 145 150 155 160 165 170 175 180 185 190 195 200 205 210 215 220 225 230 235 240 245 250 255 260 265 270 275 280 285 290 295 300 305 310 315 320 325 330 335 340 345 350 355 360 365 370 375 380 385 390 395 400 405 410 415 420 425 430 435 440 445 450 455 460 465 470 475 480 485 490 495 500 505 510 515

Cycle 3 (len 8):

  23 74 37 116 58 29 92 46

  Numbers leading to cycle 3 (945):
    51 63 79 97 102 121 126 148 153 158 183 184 194 204 209 232 242 252 257 277 296 306 316 321 327 341 366 368 371 387 388 393 408 411 418 453 464 483 484 489 493 504 514 554 559 583 592 611 612 617 619 632 642 654 659 682 687 727 732 736 737 742 774 776 779 786 807 813 816 821 822 827 836 841 877 906 911 919 928 931 963 966 968 971 978 981 986 991 1008 1028 1033 1037 1067 1093 1101 1108 1113 1118 1143 1166

Cycle 4 (len 44):

  187 566 283 854 427 1286 643 1934 967 2906 1453 4364 2182 1091 3278 1639 4922 2461 7388 3694 1847 5546 2773 8324 4162 2081 6248 3124 1562 781 2348 1174 587 1766 883 2654 1327 3986 1993 5984 2992 1496 748 374

  Numbers leading to cycle 4 (327):
    123 246 251 291 333 379 439 492 497 502 519 571 582 661 666 671 753 758 791 859 878 893 984 994 1004 1009 1038 1043 1053 1132 1137 1142 1164 1169 1189 1291 1322 1332 1337 1342 1389 1506 1516 1521 1557 1567 1582 1587 1708 1713 1718 1756 1761 1781 1786 1791 1939 1968 1988 2008 2018 2076 2086 2106 2111 2187 2264 2274 2284 2289 2328 2338 2353 2373 2378 2383 2471 2572 2577 2582 2627 2644 2649 2664 2674 2679 2684 2689 2778 2783 2813 2911 3012 3017 3032 3042 3114 3119 3129 3134

Cycle 5 (len 44):

  347 1046 523 1574 787 2366 1183 3554 1777 5336 2668 1334 667 2006 1003 3014 1507 4526 2263 6794 3397 10196 5098 2549 7652 3826 1913 5744 2872 1436 718 359 1082 541 1628 814 407 1226 613 1844 922 461 1388 694

  Numbers leading to cycle 5 (380):
    171 259 342 391 443 477 518 589 684 689 723 782 819 886 891 917 927 954 959 1036 1041 1087 1178 1179 1221 1231 1277 1339 1368 1378 1393 1441 1446 1564 1569 1633 1638 1643 1701 1771 1772 1782 1834 1839 1849 1854 1908 1918 1943 2011 2072 2082 2092 2097 2164 2169 2174 2189 2283 2356 2358 2361 2363 2442 2447 2452 2457 2462 2467 2554 2559 2589 2659 2673 2678 2736 2756 2761 2776 2786 2882 2892 2897 2917 3019 3099 3128 3138 3148 3149 3153 3203 3256 3261 3266 3276 3281 3286 3291 3371

Numbers that appear to diverge (0):





--------------------
f(n)=5n+1 or n/2
--------------------
Cycle 0 (len 7):

  1 6 3 16 8 4 2

  Numbers leading to cycle 0 (248):
    12 15 19 24 30 32 38 48 51 60 64 65 76 96 97 102 120 128 130 137 152 155 163 175 192 194 204 219 240 243 256 260 274 304 307 310 326 343 350 384 388 397 408 417 429 438 480 486 491 512 520 548 608 614 620 635 652 655 667 686 700 768 776 794 816 819 834 858 876 941 960 972 982 993 1024 1040 1043 1067 1073 1096 1121 1216 1228 1240 1270 1304 1310 1334 1372 1400 1536 1552 1555 1571 1588 1632 1638 1668 1677 1707

Cycle 1 (len 10):

  13 66 33 166 83 416 208 104 52 26

  Numbers leading to cycle 1 (373):
    5 10 20 40 80 105 132 160 181 185 210 211 215 245 263 264 269 320 329 332 362 370 420 422 430 453 457 463 490 526 528 531 538 579 613 640 658 664 673 675 724 731 740 823 832 840 844 860 881 906 914 926 980 1005 1029 1052 1056 1062 1076 1081 1087 1133 1143 1158 1185 1226 1255 1280 1285 1316 1328 1331 1346 1350 1359 1377 1391 1429 1448 1462 1480 1521 1533 1569 1646 1664 1680 1683 1688 1699 1720 1739 1762 1812 1828 1847 1852 1855 1871 1960

Cycle 2 (len 10):

  17 86 43 216 108 54 27 136 68 34

  Numbers leading to cycle 2 (77):
    172 272 275 344 432 435 544 550 688 691 864 870 945 1088 1100 1376 1382 1477 1728 1740 1761 1890 2176 2200 2211 2231 2363 2752 2764 2785 2789 2954 3325 3456 3480 3522 3693 3780 3871 4352 4400 4403 4422 4462 4726 4839 5504 5528 5570 5578 5635 5711 5908 6049 6650 6912 6960 6963 6973 7044 7075 7139 7386 7421 7560 7742 8313 8704 8800 8806 8844 8847 8924 9017 9233 9452 9678

Numbers that appear to diverge (9275):

7 9 11 14 18 21 22 23 25 28 29 31 35 36 37 39 41 42 44 45 46 47 49 50 53 55 56 57 58 59 61 62 63 67 69 70 71 72 73 74 75 77 78 79 81 82 84 85 87 88 89 90 91 92 93 94 95 98 99 100 101 103 106 107 109 110 111 112 113 114 115 116 117 118 119 121 122 123 124 125 126 127 129 131 133 134 135 138 139 140 141 142 143 144 145 146 147 148 149 150



--------------------
f(n)=5n+3 or n/2
--------------------
Cycle 0 (len 4):

  1 8 4 2

  Numbers leading to cycle 0 (69):
    16 25 32 50 64 100 128 163 200 256 326 400 409 512 521 652 800 818 833 1024 1042 1304 1600 1636 1666 2048 2084 2093 2608 2617 2665 2683 2743 3200 3272 3332 3413 4096 4168 4186 4267 4285 5216 5234 5330 5357 5366 5486 5495 6400 6544 6553 6664 6697 6709 6823 6826 6859 6991 7021 8192 8336 8345 8372 8387 8534 8570 8585 8777

Cycle 1 (len 7):

  3 18 9 48 24 12 6

  Numbers leading to cycle 1 (139):
    36 45 57 72 90 96 114 144 153 180 192 195 228 288 291 306 360 384 390 411 456 465 489 525 576 582 612 657 720 729 768 780 822 912 921 930 978 1029 1050 1152 1164 1191 1224 1251 1287 1314 1440 1458 1473 1536 1560 1644 1824 1842 1860 1905 1956 1965 2001 2058 2100 2304 2328 2382 2448 2457 2502 2574 2628 2823 2880 2916 2946 2979 3072 3120 3129 3201 3219 3288 3363 3648 3684 3720 3810 3912 3930 4002 4116 4200 4608 4656 4665 4713 4764 4896 4914 5004 5031 5121

Cycle 2 (len 10):

  39 198 99 498 249 1248 624 312 156 78

  Numbers leading to cycle 2 (157):
    15 30 60 120 240 315 396 480 543 555 630 633 645 735 789 792 807 960 987 996 1086 1110 1260 1266 1290 1359 1371 1389 1470 1578 1584 1593 1614 1737 1839 1920 1974 1992 2019 2025 2172 2193 2220 2469 2496 2520 2532 2580 2643 2718 2742 2778 2940 3015 3087 3156 3168 3186 3228 3243 3261 3399 3429 3474 3555 3678 3765 3840 3855 3948 3984 3993 4038 4050 4077 4131 4173 4287 4344 4386 4440 4563 4599 4707 4938 4992 5040 5049 5064 5097 5160 5217 5286 5436 5484 5541 5556 5565 5613 5880

Cycle 3 (len 10):

  43 218 109 548 274 137 688 344 172 86

  Numbers leading to cycle 3 (65):
    436 445 557 697 872 890 1096 1114 1376 1394 1493 1744 1753 1780 1867 2192 2201 2228 2243 2752 2788 2851 2986 3488 3506 3521 3560 3734 3821 4384 4402 4456 4486 4561 4669 4777 5504 5576 5609 5633 5702 5741 5837 5972 6113 6263 6976 7012 7042 7120 7129 7177 7297 7468 7642 8011 8768 8804 8912 8921 8972 9122 9185 9338 9554

Cycle 4 (len 10):

  51 258 129 648 324 162 81 408 204 102

  Numbers leading to cycle 4 (33):
    516 816 825 1032 1296 1305 1632 1650 2064 2073 2592 2610 2835 3264 3300 4128 4146 4431 5184 5220 5283 5670 6528 6600 6633 6693 7089 8256 8292 8355 8367 8862 9975

Cycle 5 (len 10):

  53 268 134 67 338 169 848 424 212 106

  Numbers leading to cycle 5 (54):
    536 676 685 691 857 1072 1081 1105 1352 1370 1382 1403 1696 1714 1729 1795 2144 2162 2210 2704 2713 2740 2764 2806 3392 3428 3458 3509 3590 4288 4324 4387 4420 4489 4495 5408 5426 5480 5528 5555 5612 6784 6856 6916 7018 7075 7180 8576 8648 8681 8774 8840 8978 8990

Cycle 6 (len 10):

  61 308 154 77 388 194 97 488 244 122

  Numbers leading to cycle 6 (63):
    616 776 976 985 1021 1232 1241 1277 1552 1561 1597 1633 1952 1970 1985 1997 2042 2195 2464 2482 2497 2554 3104 3122 3194 3266 3431 3904 3940 3970 3994 4084 4390 4603 4928 4964 4994 5045 5108 5225 5489 5891 6208 6244 6307 6388 6532 6703 6862 7808 7880 7940 7988 8168 8183 8363 8579 8780 9206 9425 9856 9928 9988

Numbers that appear to diverge (9359):

5 7 10 11 13 14 17 19 20 21 22 23 26 27 28 29 31 33 34 35 37 38 40 41 42 44 46 47 49 52 54 55 56 58 59 62 63 65 66 68 69 70 71 73 74 75 76 79 80 82 83 84 85 87 88 89 91 92 93 94 95 98 101 103 104 105 107 108 110 111 112 113 115 116 117 118 119 121 123 124 125 126 127 130 131 132 133 135 136 138 139 140 141 142 143 145 146 147 148 149



--------------------
f(n)=5n+5 or n/2
--------------------
Cycle 0 (len 7):

  5 30 15 80 40 20 10

  Numbers leading to cycle 0 (581):
    1 2 3 4 6 7 8 11 12 14 16 22 23 24 28 29 31 32 37 44 46 47 48 56 58 59 60 62 63 64 74 75 88 92 94 95 96 101 112 116 118 119 120 124 126 127 128 129 148 150 151 160 176 184 188 190 191 192 193 202 203 224 232 236 238 239 240 248 252 254 255 256 258 259 273 296 300 302 303 309 320 325 349 352 368 376 380 382 383 384 386 387 404 406 407 437 448 464 472 476

Cycle 1 (len 10):

  65 330 165 830 415 2080 1040 520 260 130

  Numbers leading to cycle 1 (539):
    9 18 19 25 36 38 39 50 51 72 76 78 79 100 102 103 131 144 152 156 158 159 200 204 206 207 209 262 263 288 304 312 316 318 319 331 361 369 400 408 412 414 418 419 421 429 489 524 525 526 527 537 576 608 624 632 636 638 639 657 660 662 663 722 723 738 739 800 816 824 828 831 836 838 839 842 843 858 859 905 913 925 978 979 1048 1050 1051 1052 1054 1055 1061 1074 1075 1152 1157 1216 1225 1248 1264 1272

Cycle 2 (len 10):

  85 430 215 1080 540 270 135 680 340 170

  Numbers leading to cycle 2 (158):
    33 53 66 67 106 107 132 134 171 212 214 264 268 271 342 343 424 428 431 528 536 542 543 549 684 686 687 848 856 860 862 863 869 1056 1072 1084 1086 1087 1098 1099 1360 1368 1372 1374 1375 1381 1696 1712 1720 1724 1726 1727 1738 1739 1889 2112 2144 2160 2168 2172 2174 2175 2196 2198 2199 2720 2736 2744 2748 2750 2751 2762 2763 2953 3392 3424 3440 3448 3452 3454 3455 3476 3478 3479 3521 3778 3779 4224 4288 4320 4336 4344 4348 4350 4351 4392 4396 4398 4399 4421

Numbers that appear to diverge (8695):

13 17 21 26 27 34 35 41 42 43 45 49 52 54 55 57 61 68 69 70 71 73 77 81 82 83 84 86 87 89 90 91 93 97 98 99 104 105 108 109 110 111 113 114 115 117 121 122 123 125 133 136 137 138 139 140 141 142 143 145 146 147 149 153 154 155 157 161 162 163 164 166 167 168 169 172 173 174 175 177 178 179 180 181 182 183 185 186 187 189 194 195 196 197 198 199 201 205 208 210



--------------------
f(n)=7n+1 or n/2
--------------------
Cycle 0 (len 4):

  1 8 4 2

  Numbers leading to cycle 0 (78):
    5 9 10 16 18 20 32 36 40 41 64 72 73 80 82 128 144 146 160 164 167 256 288 292 320 328 329 334 512 576 584 585 640 656 658 668 1024 1152 1168 1170 1280 1312 1316 1336 1337 1965 2048 2304 2336 2340 2560 2624 2632 2633 2672 2674 3009 3439 3930 4096 4608 4672 4680 4681 5120 5248 5264 5266 5344 5348 6018 6878 7860 8192 9216 9344 9360 9362

Numbers that appear to diverge (9918):

3 6 7 11 12 13 14 15 17 19 21 22 23 24 25 26 27 28 29 30 31 33 34 35 37 38 39 42 43 44 45 46 47 48 49 50 51 52 53 54 55 56 57 58 59 60 61 62 63 65 66 67 68 69 70 71 74 75 76 77 78 79 81 83 84 85 86 87 88 89 90 91 92 93 94 95 96 97 98 99 100 101 102 103 104 105 106 107 108 109 110 111 112 113 114 115 116 117 118 119



--------------------
f(n)=7n+3 or n/2
--------------------
Cycle 0 (len 4):

  3 24 12 6

  Numbers leading to cycle 0 (57):
    15 27 30 48 54 60 96 108 120 123 192 216 219 240 246 384 432 438 480 492 501 768 864 876 960 984 987 1002 1536 1728 1752 1755 1920 1968 1974 2004 3072 3456 3504 3510 3840 3936 3948 4008 4011 5895 6144 6912 7008 7020 7680 7872 7896 7899 8016 8022 9027

Numbers that appear to diverge (9939):

1 2 4 5 7 8 9 10 11 13 14 16 17 18 19 20 21 22 23 25 26 28 29 31 32 33 34 35 36 37 38 39 40 41 42 43 44 45 46 47 49 50 51 52 53 55 56 57 58 59 61 62 63 64 65 66 67 68 69 70 71 72 73 74 75 76 77 78 79 80 81 82 83 84 85 86 87 88 89 90 91 92 93 94 95 97 98 99 100 101 102 103 104 105 106 107 109 110 111 112



--------------------
f(n)=7n+5 or n/2
--------------------
Cycle 0 (len 8):

  3 26 13 96 48 24 12 6

  Numbers leading to cycle 0 (73):
    1 2 4 8 16 29 32 52 58 64 67 104 109 116 128 134 192 208 218 232 237 256 268 384 416 436 464 474 512 536 541 768 832 872 877 928 948 1024 1072 1082 1536 1664 1744 1754 1856 1896 1901 2048 2144 2164 3072 3328 3488 3508 3712 3792 3802 4096 4288 4328 4333 6144 6656 6976 7016 7021 7424 7584 7604 8192 8576 8656 8666

Cycle 1 (len 4):

  5 40 20 10

  Numbers leading to cycle 1 (46):
    25 45 50 80 90 100 160 180 200 205 320 360 365 400 410 640 720 730 800 820 835 1280 1440 1460 1600 1640 1645 1670 2560 2880 2920 2925 3200 3280 3290 3340 5120 5760 5840 5850 6400 6560 6580 6680 6685 9825

Cycle 2 (len 42):

  27 194 97 684 342 171 1202 601 4212 2106 1053 7376 3688 1844 922 461 3232 1616 808 404 202 101 712 356 178 89 628 314 157 1104 552 276 138 69 488 244 122 61 432 216 108 54

  Numbers leading to cycle 2 (325):
    7 14 19 21 23 28 38 42 46 56 57 76 83 84 92 112 114 119 131 149 152 166 168 173 183 184 189 197 221 224 228 233 238 257 262 281 293 298 304 332 336 346 366 368 378 388 394 409 419 442 448 451 456 466 476 493 514 524 557 562 586 596 608 643 664 669 672 692 717 732 736 756 776 781 788 793 813 818 823 838 864 884 896 902 912 932 952 957 976 986 1028 1048 1093 1114 1124 1172 1177 1192 1197 1216

Numbers that appear to diverge (9502):

9 11 15 17 18 22 30 31 33 34 35 36 37 39 41 43 44 47 49 51 53 55 59 60 62 63 65 66 68 70 71 72 73 74 75 77 78 79 81 82 85 86 87 88 91 93 94 95 98 99 102 103 105 106 107 110 111 113 115 117 118 120 121 123 124 125 126 127 129 130 132 133 135 136 137 139 140 141 142 143 144 145 146 147 148 150 151 153 154 155 156 158 159 161 162 163 164 165 167 169



