--------------------
f(n)=3n+1 or n/2
--------------------
Cycle 0 (len 3):

  1 4 2

  Numbers leading to cycle 0 (997):
    3 5 6 7 8 9 10 11 12 13 14 15 16 17 18 19 20 21 22 23 24 25 26 27 28 29 30 31 32 33 34 35 36 37 38 39 40 41 42 43 44 45 46 47 48 49 50 51 52 53 54 55 56 57 58 59 60 61 62 63 64 65 66 67 68 69 70 71 72 73 74 75 76 77 78 79 80 81 82 83 84 85 86 87 88 89 90 91 92 93 94 95 96 97 98 99 100 101 102 103

Numbers that appear to diverge (0):





--------------------
f(n)=3n+3 or n/2
--------------------
Cycle 0 (len 3):

  3 12 6

  Numbers leading to cycle 0 (997):
    1 2 4 5 7 8 9 10 11 13 14 15 16 17 18 19 20 21 22 23 24 25 26 27 28 29 30 31 32 33 34 35 36 37 38 39 40 41 42 43 44 45 46 47 48 49 50 51 52 53 54 55 56 57 58 59 60 61 62 63 64 65 66 67 68 69 70 71 72 73 74 75 76 77 78 79 80 81 82 83 84 85 86 87 88 89 90 91 92 93 94 95 96 97 98 99 100 101 102 103

Numbers that appear to diverge (0):





--------------------
f(n)=3n+5 or n/2
--------------------
Cycle 0 (len 4):

  1 8 4 2

  Numbers leading to cycle 0 (138):
    9 16 18 32 36 41 53 64 69 72 82 106 107 111 128 138 141 143 144 163 164 169 189 212 214 217 219 222 231 247 256 263 276 281 282 286 287 288 299 326 328 331 338 349 363 373 378 381 383 397 424 428 433 434 438 444 449 451 462 467 491 494 499 503 509 512 526 531 547 552 562 564 569 572 574 576 577 597 598 599 603 621 647 652 653 656 657 662 669 676 677 679 681 698 699 703 707 726 731 739

Cycle 1 (len 8):

  19 62 31 98 49 152 76 38

  Numbers leading to cycle 1 (486):
    3 6 7 11 12 13 14 17 21 22 24 26 27 28 33 34 39 42 43 44 47 48 52 54 56 57 59 61 66 67 68 71 73 77 78 81 83 84 86 87 88 89 91 93 94 96 99 101 103 104 108 109 112 113 114 117 118 119 122 124 127 129 131 132 133 134 136 137 139 142 146 147 149 151 154 156 157 159 161 162 166 167 168 172 173 174 176 177 178 179 181 182 186 188 191 192 193 196 197 198

Cycle 2 (len 3):

  5 20 10

  Numbers leading to cycle 2 (197):
    15 25 30 35 40 45 50 55 60 65 70 75 80 85 90 95 100 105 110 115 120 125 130 135 140 145 150 155 160 165 170 175 180 185 190 195 200 205 210 215 220 225 230 235 240 245 250 255 260 265 270 275 280 285 290 295 300 305 310 315 320 325 330 335 340 345 350 355 360 365 370 375 380 385 390 395 400 405 410 415 420 425 430 435 440 445 450 455 460 465 470 475 480 485 490 495 500 505 510 515

Cycle 3 (len 8):

  23 74 37 116 58 29 92 46

  Numbers leading to cycle 3 (88):
    51 63 79 97 102 121 126 148 153 158 183 184 194 204 209 232 242 252 257 277 296 306 316 321 327 341 366 368 371 387 388 393 408 411 418 453 464 483 484 489 493 504 514 554 559 583 592 611 612 617 619 632 642 654 659 682 687 727 732 736 737 742 774 776 779 786 807 813 816 821 822 827 836 841 877 906 911 919 928 931 963 966 968 971 978 981 986 991

Cycle 4 (len 44):

  187 566 283 854 427 1286 643 1934 967 2906 1453 4364 2182 1091 3278 1639 4922 2461 7388 3694 1847 5546 2773 8324 4162 2081 6248 3124 1562 781 2348 1174 587 1766 883 2654 1327 3986 1993 5984 2992 1496 748 374

  Numbers leading to cycle 4 (24):
    123 246 251 291 333 379 439 492 497 502 519 571 582 661 666 671 753 758 791 859 878 893 984 994

Cycle 5 (len 44):

  347 1046 523 1574 787 2366 1183 3554 1777 5336 2668 1334 667 2006 1003 3014 1507 4526 2263 6794 3397 10196 5098 2549 7652 3826 1913 5744 2872 1436 718 359 1082 541 1628 814 407 1226 613 1844 922 461 1388 694

  Numbers leading to cycle 5 (19):
    171 259 342 391 443 477 518 589 684 689 723 782 819 886 891 917 927 954 959

Numbers that appear to diverge (0):





--------------------
f(n)=5n+1 or n/2
--------------------
Cycle 0 (len 7):

  1 6 3 16 8 4 2

  Numbers leading to cycle 0 (74):
    12 15 19 24 30 32 38 48 51 60 64 65 76 96 97 102 120 128 130 137 152 155 163 175 192 194 204 219 240 243 256 260 274 304 307 310 326 343 350 384 388 397 408 417 429 438 480 486 491 512 520 548 608 614 620 635 652 655 667 686 700 768 776 794 816 819 834 858 876 941 960 972 982 993

Cycle 1 (len 10):

  13 66 33 166 83 416 208 104 52 26

  Numbers leading to cycle 1 (30):
    5 10 20 40 80 132 160 181 185 211 264 320 332 362 370 422 453 463 528 531 579 640 664 675 724 740 832 844 906 926

Cycle 2 (len 10):

  17 86 43 216 108 54 27 136 68 34

  Numbers leading to cycle 2 (13):
    172 272 275 344 432 435 544 550 688 691 864 870 945

Numbers that appear to diverge (856):

7 9 11 14 18 21 22 23 25 28 29 31 35 36 37 39 41 42 44 45 46 47 49 50 53 55 56 57 58 59 61 62 63 67 69 70 71 72 73 74 75 77 78 79 81 82 84 85 87 88 89 90 91 92 93 94 95 98 99 100 101 103 105 106 107 109 110 111 112 113 114 115 116 117 118 119 121 122 123 124 125 126 127 129 131 133 134 135 138 139 140 141 142 143 144 145 146 147 148 149



--------------------
f(n)=5n+3 or n/2
--------------------
Cycle 0 (len 4):

  1 8 4 2

  Numbers leading to cycle 0 (19):
    16 25 32 50 64 100 128 163 200 256 326 400 409 512 521 652 800 818 833

Cycle 1 (len 7):

  3 18 9 48 24 12 6

  Numbers leading to cycle 1 (37):
    36 45 57 72 90 96 114 144 153 180 192 195 228 288 291 306 360 384 390 411 456 465 489 525 576 582 612 657 720 729 768 780 822 912 921 930 978

Cycle 2 (len 10):

  39 198 99 498 249 1248 624 312 156 78

  Numbers leading to cycle 2 (13):
    15 30 60 120 240 396 480 543 555 633 792 960 996

Cycle 3 (len 10):

  43 218 109 548 274 137 688 344 172 86

  Numbers leading to cycle 3 (6):
    436 445 557 697 872 890

Cycle 4 (len 10):

  51 258 129 648 324 162 81 408 204 102

  Numbers leading to cycle 4 (3):
    516 816 825

Cycle 5 (len 10):

  53 268 134 67 338 169 848 424 212 106

  Numbers leading to cycle 5 (5):
    536 676 685 691 857

Cycle 6 (len 10):

  61 308 154 77 388 194 97 488 244 122

  Numbers leading to cycle 6 (4):
    616 776 976 985

Numbers that appear to diverge (853):

5 7 10 11 13 14 17 19 20 21 22 23 26 27 28 29 31 33 34 35 37 38 40 41 42 44 46 47 49 52 54 55 56 58 59 62 63 65 66 68 69 70 71 73 74 75 76 79 80 82 83 84 85 87 88 89 91 92 93 94 95 98 101 103 104 105 107 108 110 111 112 113 115 116 117 118 119 121 123 124 125 126 127 130 131 132 133 135 136 138 139 140 141 142 143 145 146 147 148 149



--------------------
f(n)=5n+5 or n/2
--------------------
Cycle 0 (len 7):

  5 30 15 80 40 20 10

  Numbers leading to cycle 0 (161):
    1 2 3 4 6 7 8 11 12 14 16 22 23 24 28 29 31 32 37 44 46 47 48 56 58 59 60 62 63 64 74 75 88 92 94 95 96 101 112 116 118 119 120 124 126 127 128 129 148 150 151 160 176 184 188 190 191 192 193 202 203 224 232 236 238 239 240 248 252 254 255 256 258 259 273 296 300 302 303 309 320 325 349 352 368 376 380 382 383 384 386 387 404 406 407 437 448 464 472 476

Cycle 1 (len 10):

  65 330 165 830 415 2080 1040 520 260 130

  Numbers leading to cycle 1 (68):
    9 18 19 25 36 38 39 50 51 72 76 78 79 100 102 103 131 144 152 156 158 159 200 204 206 207 262 263 288 304 312 316 318 319 331 361 369 400 408 412 414 421 524 526 527 576 608 624 632 636 638 639 660 662 663 722 723 738 739 800 816 824 828 831 842 843 905 925

Cycle 2 (len 10):

  85 430 215 1080 540 270 135 680 340 170

  Numbers leading to cycle 2 (33):
    33 53 66 67 106 107 132 134 171 212 214 264 268 271 342 343 424 428 431 528 536 542 543 549 684 686 687 848 856 860 862 863 869

Numbers that appear to diverge (714):

13 17 21 26 27 34 35 41 42 43 45 49 52 54 55 57 61 68 69 70 71 73 77 81 82 83 84 86 87 89 90 91 93 97 98 99 104 105 108 109 110 111 113 114 115 117 121 122 123 125 133 136 137 138 139 140 141 142 143 145 146 147 149 153 154 155 157 161 162 163 164 166 167 168 169 172 173 174 175 177 178 179 180 181 182 183 185 186 187 189 194 195 196 197 198 199 201 205 208 209



--------------------
f(n)=7n+1 or n/2
--------------------
Cycle 0 (len 4):

  1 8 4 2

  Numbers leading to cycle 0 (36):
    5 9 10 16 18 20 32 36 40 41 64 72 73 80 82 128 144 146 160 164 167 256 288 292 320 328 329 334 512 576 584 585 640 656 658 668

Numbers that appear to diverge (960):

3 6 7 11 12 13 14 15 17 19 21 22 23 24 25 26 27 28 29 30 31 33 34 35 37 38 39 42 43 44 45 46 47 48 49 50 51 52 53 54 55 56 57 58 59 60 61 62 63 65 66 67 68 69 70 71 74 75 76 77 78 79 81 83 84 85 86 87 88 89 90 91 92 93 94 95 96 97 98 99 100 101 102 103 104 105 106 107 108 109 110 111 112 113 114 115 116 117 118 119



--------------------
f(n)=7n+3 or n/2
--------------------
Cycle 0 (len 4):

  3 24 12 6

  Numbers leading to cycle 0 (27):
    15 27 30 48 54 60 96 108 120 123 192 216 219 240 246 384 432 438 480 492 501 768 864 876 960 984 987

Numbers that appear to diverge (969):

1 2 4 5 7 8 9 10 11 13 14 16 17 18 19 20 21 22 23 25 26 28 29 31 32 33 34 35 36 37 38 39 40 41 42 43 44 45 46 47 49 50 51 52 53 55 56 57 58 59 61 62 63 64 65 66 67 68 69 70 71 72 73 74 75 76 77 78 79 80 81 82 83 84 85 86 87 88 89 90 91 92 93 94 95 97 98 99 100 101 102 103 104 105 106 107 109 110 111 112



--------------------
f(n)=7n+5 or n/2
--------------------
Cycle 0 (len 8):

  3 26 13 96 48 24 12 6

  Numbers leading to cycle 0 (37):
    1 2 4 8 16 29 32 52 58 64 67 104 109 116 128 134 192 208 218 232 237 256 268 384 416 436 464 474 512 536 541 768 832 872 877 928 948

Cycle 1 (len 4):

  5 40 20 10

  Numbers leading to cycle 1 (21):
    25 45 50 80 90 100 160 180 200 205 320 360 365 400 410 640 720 730 800 820 835

Cycle 2 (len 42):

  27 194 97 684 342 171 1202 601 4212 2106 1053 7376 3688 1844 922 461 3232 1616 808 404 202 101 712 356 178 89 628 314 157 1104 552 276 138 69 488 244 122 61 432 216 108 54

  Numbers leading to cycle 2 (90):
    7 14 19 21 23 28 38 42 46 56 57 76 83 84 92 112 114 119 131 149 152 166 168 173 183 184 189 197 221 224 228 233 238 257 262 281 293 298 304 332 336 346 366 368 378 388 394 409 419 442 448 451 456 466 476 493 514 524 557 562 586 596 608 643 664 669 672 692 717 732 736 756 776 781 788 793 813 818 823 838 864 884 896 902 912 932 952 957 976 986

Numbers that appear to diverge (808):

9 11 15 17 18 22 30 31 33 34 35 36 37 39 41 43 44 47 49 51 53 55 59 60 62 63 65 66 68 70 71 72 73 74 75 77 78 79 81 82 85 86 87 88 91 93 94 95 98 99 102 103 105 106 107 110 111 113 115 117 118 120 121 123 124 125 126 127 129 130 132 133 135 136 137 139 140 141 142 143 144 145 146 147 148 150 151 153 154 155 156 158 159 161 162 163 164 165 167 169



