Subgraph of neighborhood of vertex 0
v degree neighbors
0 12 [16, 17, 18, 19, 27, 28, 30, 32, 36, 37, 41, 43]
16 3 [0, 32, 36]
17 3 [0, 30, 37]
18 3 [0, 27, 43]
19 3 [0, 28, 41]
27 3 [0, 18, 43]
28 3 [0, 19, 41]
30 3 [0, 17, 37]
32 3 [0, 16, 36]
36 3 [0, 16, 32]
37 3 [0, 17, 30]
41 3 [0, 19, 28]
43 3 [0, 18, 27]

Subgraph of neighborhood of vertex 1
v degree neighbors
1 12 [14, 15, 20, 21, 25, 26, 29, 31, 38, 39, 40, 42]
14 3 [1, 31, 39]
15 3 [1, 29, 38]
20 3 [1, 26, 40]
21 3 [1, 25, 42]
25 3 [1, 21, 42]
26 3 [1, 20, 40]
29 3 [1, 15, 38]
31 3 [1, 14, 39]
38 3 [1, 15, 29]
39 3 [1, 14, 31]
40 3 [1, 20, 26]
42 3 [1, 21, 25]

Subgraph of neighborhood of vertex 2
v degree neighbors
2 12 [16, 17, 20, 21, 23, 24, 31, 32, 34, 35, 42, 43]
16 3 [2, 32, 34]
17 3 [2, 31, 35]
20 3 [2, 23, 43]
21 3 [2, 24, 42]
23 3 [2, 20, 43]
24 3 [2, 21, 42]
31 3 [2, 17, 35]
32 3 [2, 16, 34]
34 3 [2, 16, 32]
35 3 [2, 17, 31]
42 3 [2, 21, 24]
43 3 [2, 20, 23]

Subgraph of neighborhood of vertex 3
v degree neighbors
3 13 [13, 16, 18, 19, 23, 24, 29, 30, 31, 33, 40, 41, 42]
13 5 [3, 30, 31, 41, 42]
16 3 [3, 29, 33]
18 3 [3, 24, 42]
19 5 [3, 23, 24, 40, 41]
23 3 [3, 19, 41]
24 5 [3, 18, 19, 40, 42]
29 3 [3, 16, 33]
30 3 [3, 13, 42]
31 3 [3, 13, 41]
33 3 [3, 16, 29]
40 3 [3, 19, 24]
41 5 [3, 13, 19, 23, 31]
42 5 [3, 13, 18, 24, 30]

Subgraph of neighborhood of vertex 4
v degree neighbors
4 13 [12, 14, 15, 21, 22, 29, 30, 32, 34, 35, 40, 41, 43]
12 5 [4, 29, 32, 40, 43]
14 3 [4, 32, 34]
15 5 [4, 29, 30, 34, 35]
21 3 [4, 22, 41]
22 3 [4, 21, 41]
29 5 [4, 12, 15, 35, 43]
30 3 [4, 15, 34]
32 5 [4, 12, 14, 34, 40]
34 5 [4, 14, 15, 30, 32]
35 3 [4, 15, 29]
40 3 [4, 12, 32]
41 3 [4, 21, 22]
43 3 [4, 12, 29]

Subgraph of neighborhood of vertex 5
v degree neighbors
5 13 [13, 19, 20, 21, 24, 27, 28, 32, 33, 35, 37, 38, 39]
13 3 [5, 32, 38]
19 5 [5, 24, 28, 35, 39]
20 3 [5, 28, 33]
21 5 [5, 24, 27, 33, 37]
24 5 [5, 19, 21, 37, 39]
27 3 [5, 21, 33]
28 5 [5, 19, 20, 33, 35]
32 3 [5, 13, 38]
33 5 [5, 20, 21, 27, 28]
35 3 [5, 19, 28]
37 3 [5, 21, 24]
38 3 [5, 13, 32]
39 3 [5, 19, 24]

Subgraph of neighborhood of vertex 6
v degree neighbors
6 12 [11, 12, 18, 21, 25, 26, 30, 32, 33, 35, 36, 39]
11 3 [6, 30, 39]
12 3 [6, 32, 36]
18 3 [6, 26, 35]
21 3 [6, 25, 33]
25 3 [6, 21, 33]
26 3 [6, 18, 35]
30 3 [6, 11, 39]
32 3 [6, 12, 36]
33 3 [6, 21, 25]
35 3 [6, 18, 26]
36 3 [6, 12, 32]
39 3 [6, 11, 30]

Subgraph of neighborhood of vertex 7
v degree neighbors
7 13 [11, 12, 18, 19, 20, 22, 25, 29, 31, 34, 36, 37, 38]
11 3 [7, 29, 38]
12 5 [7, 29, 31, 36, 37]
18 3 [7, 22, 38]
19 3 [7, 25, 34]
20 3 [7, 22, 36]
22 5 [7, 18, 20, 36, 38]
25 3 [7, 19, 34]
29 5 [7, 11, 12, 37, 38]
31 3 [7, 12, 36]
34 3 [7, 19, 25]
36 5 [7, 12, 20, 22, 31]
37 3 [7, 12, 29]
38 5 [7, 11, 18, 22, 29]

Subgraph of neighborhood of vertex 8
v degree neighbors
8 13 [12, 15, 16, 17, 22, 23, 26, 27, 28, 34, 38, 39, 42]
12 3 [8, 28, 42]
15 5 [8, 23, 27, 34, 38]
16 5 [8, 22, 26, 34, 39]
17 3 [8, 22, 38]
22 5 [8, 16, 17, 38, 39]
23 3 [8, 15, 38]
26 3 [8, 16, 34]
27 3 [8, 15, 34]
28 3 [8, 12, 42]
34 5 [8, 15, 16, 26, 27]
38 5 [8, 15, 17, 22, 23]
39 3 [8, 16, 22]
42 3 [8, 12, 28]

Subgraph of neighborhood of vertex 9
v degree neighbors
9 13 [11, 13, 14, 15, 17, 24, 25, 26, 28, 33, 36, 41, 43]
11 3 [9, 28, 41]
13 5 [9, 25, 26, 41, 43]
14 3 [9, 28, 33]
15 3 [9, 24, 36]
17 3 [9, 25, 33]
24 3 [9, 15, 36]
25 5 [9, 13, 17, 33, 43]
26 3 [9, 13, 41]
28 5 [9, 11, 14, 33, 41]
33 5 [9, 14, 17, 25, 28]
36 3 [9, 15, 24]
41 5 [9, 11, 13, 26, 28]
43 3 [9, 13, 25]

Subgraph of neighborhood of vertex 10
v degree neighbors
10 12 [11, 13, 14, 16, 22, 23, 25, 27, 36, 37, 40, 42]
11 3 [10, 27, 40]
13 3 [10, 25, 42]
14 3 [10, 23, 37]
16 3 [10, 22, 36]
22 3 [10, 16, 36]
23 3 [10, 14, 37]
25 3 [10, 13, 42]
27 3 [10, 11, 40]
36 3 [10, 16, 22]
37 3 [10, 14, 23]
40 3 [10, 11, 27]
42 3 [10, 13, 25]

Subgraph of neighborhood of vertex 11
v degree neighbors
6 3 [11, 30, 39]
7 3 [11, 29, 38]
9 3 [11, 28, 41]
10 3 [11, 27, 40]
11 12 [6, 7, 9, 10, 27, 28, 29, 30, 38, 39, 40, 41]
27 3 [10, 11, 40]
28 3 [9, 11, 41]
29 3 [7, 11, 38]
30 3 [6, 11, 39]
38 3 [7, 11, 29]
39 3 [6, 11, 30]
40 3 [10, 11, 27]
41 3 [9, 11, 28]

Subgraph of neighborhood of vertex 12
v degree neighbors
4 5 [12, 29, 32, 40, 43]
6 3 [12, 32, 36]
7 5 [12, 29, 31, 36, 37]
8 3 [12, 28, 42]
12 13 [4, 6, 7, 8, 28, 29, 31, 32, 36, 37, 40, 42, 43]
28 3 [8, 12, 42]
29 5 [4, 7, 12, 37, 43]
31 3 [7, 12, 36]
32 5 [4, 6, 12, 36, 40]
36 5 [6, 7, 12, 31, 32]
37 3 [7, 12, 29]
40 3 [4, 12, 32]
42 3 [8, 12, 28]
43 3 [4, 12, 29]

Subgraph of neighborhood of vertex 13
v degree neighbors
3 5 [13, 30, 31, 41, 42]
5 3 [13, 32, 38]
9 5 [13, 25, 26, 41, 43]
10 3 [13, 25, 42]
13 13 [3, 5, 9, 10, 25, 26, 30, 31, 32, 38, 41, 42, 43]
25 5 [9, 10, 13, 42, 43]
26 3 [9, 13, 41]
30 3 [3, 13, 42]
31 3 [3, 13, 41]
32 3 [5, 13, 38]
38 3 [5, 13, 32]
41 5 [3, 9, 13, 26, 31]
42 5 [3, 10, 13, 25, 30]
43 3 [9, 13, 25]

Subgraph of neighborhood of vertex 14
v degree neighbors
1 3 [14, 31, 39]
4 3 [14, 32, 34]
9 3 [14, 28, 33]
10 3 [14, 23, 37]
14 12 [1, 4, 9, 10, 23, 28, 31, 32, 33, 34, 37, 39]
23 3 [10, 14, 37]
28 3 [9, 14, 33]
31 3 [1, 14, 39]
32 3 [4, 14, 34]
33 3 [9, 14, 28]
34 3 [4, 14, 32]
37 3 [10, 14, 23]
39 3 [1, 14, 31]

Subgraph of neighborhood of vertex 15
v degree neighbors
1 3 [15, 29, 38]
4 5 [15, 29, 30, 34, 35]
8 5 [15, 23, 27, 34, 38]
9 3 [15, 24, 36]
15 13 [1, 4, 8, 9, 23, 24, 27, 29, 30, 34, 35, 36, 38]
23 3 [8, 15, 38]
24 3 [9, 15, 36]
27 3 [8, 15, 34]
29 5 [1, 4, 15, 35, 38]
30 3 [4, 15, 34]
34 5 [4, 8, 15, 27, 30]
35 3 [4, 15, 29]
36 3 [9, 15, 24]
38 5 [1, 8, 15, 23, 29]

Subgraph of neighborhood of vertex 16
v degree neighbors
0 3 [16, 32, 36]
2 3 [16, 32, 34]
3 3 [16, 29, 33]
8 5 [16, 22, 26, 34, 39]
10 3 [16, 22, 36]
16 13 [0, 2, 3, 8, 10, 22, 26, 29, 32, 33, 34, 36, 39]
22 5 [8, 10, 16, 36, 39]
26 3 [8, 16, 34]
29 3 [3, 16, 33]
32 5 [0, 2, 16, 34, 36]
33 3 [3, 16, 29]
34 5 [2, 8, 16, 26, 32]
36 5 [0, 10, 16, 22, 32]
39 3 [8, 16, 22]

Subgraph of neighborhood of vertex 17
v degree neighbors
0 3 [17, 30, 37]
2 3 [17, 31, 35]
8 3 [17, 22, 38]
9 3 [17, 25, 33]
17 12 [0, 2, 8, 9, 22, 25, 30, 31, 33, 35, 37, 38]
22 3 [8, 17, 38]
25 3 [9, 17, 33]
30 3 [0, 17, 37]
31 3 [2, 17, 35]
33 3 [9, 17, 25]
35 3 [2, 17, 31]
37 3 [0, 17, 30]
38 3 [8, 17, 22]

Subgraph of neighborhood of vertex 18
v degree neighbors
0 3 [18, 27, 43]
3 3 [18, 24, 42]
6 3 [18, 26, 35]
7 3 [18, 22, 38]
18 12 [0, 3, 6, 7, 22, 24, 26, 27, 35, 38, 42, 43]
22 3 [7, 18, 38]
24 3 [3, 18, 42]
26 3 [6, 18, 35]
27 3 [0, 18, 43]
35 3 [6, 18, 26]
38 3 [7, 18, 22]
42 3 [3, 18, 24]
43 3 [0, 18, 27]

Subgraph of neighborhood of vertex 19
v degree neighbors
0 3 [19, 28, 41]
3 5 [19, 23, 24, 40, 41]
5 5 [19, 24, 28, 35, 39]
7 3 [19, 25, 34]
19 13 [0, 3, 5, 7, 23, 24, 25, 28, 34, 35, 39, 40, 41]
23 3 [3, 19, 41]
24 5 [3, 5, 19, 39, 40]
25 3 [7, 19, 34]
28 5 [0, 5, 19, 35, 41]
34 3 [7, 19, 25]
35 3 [5, 19, 28]
39 3 [5, 19, 24]
40 3 [3, 19, 24]
41 5 [0, 3, 19, 23, 28]

Subgraph of neighborhood of vertex 20
v degree neighbors
1 3 [20, 26, 40]
2 3 [20, 23, 43]
5 3 [20, 28, 33]
7 3 [20, 22, 36]
20 12 [1, 2, 5, 7, 22, 23, 26, 28, 33, 36, 40, 43]
22 3 [7, 20, 36]
23 3 [2, 20, 43]
26 3 [1, 20, 40]
28 3 [5, 20, 33]
33 3 [5, 20, 28]
36 3 [7, 20, 22]
40 3 [1, 20, 26]
43 3 [2, 20, 23]

Subgraph of neighborhood of vertex 21
v degree neighbors
1 3 [21, 25, 42]
2 3 [21, 24, 42]
4 3 [21, 22, 41]
5 5 [21, 24, 27, 33, 37]
6 3 [21, 25, 33]
21 13 [1, 2, 4, 5, 6, 22, 24, 25, 27, 33, 37, 41, 42]
22 3 [4, 21, 41]
24 5 [2, 5, 21, 37, 42]
25 5 [1, 6, 21, 33, 42]
27 3 [5, 21, 33]
33 5 [5, 6, 21, 25, 27]
37 3 [5, 21, 24]
41 3 [4, 21, 22]
42 5 [1, 2, 21, 24, 25]

Subgraph of neighborhood of vertex 22
v degree neighbors
4 3 [21, 22, 41]
7 5 [18, 20, 22, 36, 38]
8 5 [16, 17, 22, 38, 39]
10 3 [16, 22, 36]
16 5 [8, 10, 22, 36, 39]
17 3 [8, 22, 38]
18 3 [7, 22, 38]
20 3 [7, 22, 36]
21 3 [4, 22, 41]
22 13 [4, 7, 8, 10, 16, 17, 18, 20, 21, 36, 38, 39, 41]
36 5 [7, 10, 16, 20, 22]
38 5 [7, 8, 17, 18, 22]
39 3 [8, 16, 22]
41 3 [4, 21, 22]

Subgraph of neighborhood of vertex 23
v degree neighbors
2 3 [20, 23, 43]
3 3 [19, 23, 41]
8 3 [15, 23, 38]
10 3 [14, 23, 37]
14 3 [10, 23, 37]
15 3 [8, 23, 38]
19 3 [3, 23, 41]
20 3 [2, 23, 43]
23 12 [2, 3, 8, 10, 14, 15, 19, 20, 37, 38, 41, 43]
37 3 [10, 14, 23]
38 3 [8, 15, 23]
41 3 [3, 19, 23]
43 3 [2, 20, 23]

Subgraph of neighborhood of vertex 24
v degree neighbors
2 3 [21, 24, 42]
3 5 [18, 19, 24, 40, 42]
5 5 [19, 21, 24, 37, 39]
9 3 [15, 24, 36]
15 3 [9, 24, 36]
18 3 [3, 24, 42]
19 5 [3, 5, 24, 39, 40]
21 5 [2, 5, 24, 37, 42]
24 13 [2, 3, 5, 9, 15, 18, 19, 21, 36, 37, 39, 40, 42]
36 3 [9, 15, 24]
37 3 [5, 21, 24]
39 3 [5, 19, 24]
40 3 [3, 19, 24]
42 5 [2, 3, 18, 21, 24]

Subgraph of neighborhood of vertex 25
v degree neighbors
1 3 [21, 25, 42]
6 3 [21, 25, 33]
7 3 [19, 25, 34]
9 5 [13, 17, 25, 33, 43]
10 3 [13, 25, 42]
13 5 [9, 10, 25, 42, 43]
17 3 [9, 25, 33]
19 3 [7, 25, 34]
21 5 [1, 6, 25, 33, 42]
25 13 [1, 6, 7, 9, 10, 13, 17, 19, 21, 33, 34, 42, 43]
33 5 [6, 9, 17, 21, 25]
34 3 [7, 19, 25]
42 5 [1, 10, 13, 21, 25]
43 3 [9, 13, 25]

Subgraph of neighborhood of vertex 26
v degree neighbors
1 3 [20, 26, 40]
6 3 [18, 26, 35]
8 3 [16, 26, 34]
9 3 [13, 26, 41]
13 3 [9, 26, 41]
16 3 [8, 26, 34]
18 3 [6, 26, 35]
20 3 [1, 26, 40]
26 12 [1, 6, 8, 9, 13, 16, 18, 20, 34, 35, 40, 41]
34 3 [8, 16, 26]
35 3 [6, 18, 26]
40 3 [1, 20, 26]
41 3 [9, 13, 26]

Subgraph of neighborhood of vertex 27
v degree neighbors
0 3 [18, 27, 43]
5 3 [21, 27, 33]
8 3 [15, 27, 34]
10 3 [11, 27, 40]
11 3 [10, 27, 40]
15 3 [8, 27, 34]
18 3 [0, 27, 43]
21 3 [5, 27, 33]
27 12 [0, 5, 8, 10, 11, 15, 18, 21, 33, 34, 40, 43]
33 3 [5, 21, 27]
34 3 [8, 15, 27]
40 3 [10, 11, 27]
43 3 [0, 18, 27]

Subgraph of neighborhood of vertex 28
v degree neighbors
0 3 [19, 28, 41]
5 5 [19, 20, 28, 33, 35]
8 3 [12, 28, 42]
9 5 [11, 14, 28, 33, 41]
11 3 [9, 28, 41]
12 3 [8, 28, 42]
14 3 [9, 28, 33]
19 5 [0, 5, 28, 35, 41]
20 3 [5, 28, 33]
28 13 [0, 5, 8, 9, 11, 12, 14, 19, 20, 33, 35, 41, 42]
33 5 [5, 9, 14, 20, 28]
35 3 [5, 19, 28]
41 5 [0, 9, 11, 19, 28]
42 3 [8, 12, 28]

Subgraph of neighborhood of vertex 29
v degree neighbors
1 3 [15, 29, 38]
3 3 [16, 29, 33]
4 5 [12, 15, 29, 35, 43]
7 5 [11, 12, 29, 37, 38]
11 3 [7, 29, 38]
12 5 [4, 7, 29, 37, 43]
15 5 [1, 4, 29, 35, 38]
16 3 [3, 29, 33]
29 13 [1, 3, 4, 7, 11, 12, 15, 16, 33, 35, 37, 38, 43]
33 3 [3, 16, 29]
35 3 [4, 15, 29]
37 3 [7, 12, 29]
38 5 [1, 7, 11, 15, 29]
43 3 [4, 12, 29]

Subgraph of neighborhood of vertex 30
v degree neighbors
0 3 [17, 30, 37]
3 3 [13, 30, 42]
4 3 [15, 30, 34]
6 3 [11, 30, 39]
11 3 [6, 30, 39]
13 3 [3, 30, 42]
15 3 [4, 30, 34]
17 3 [0, 30, 37]
30 12 [0, 3, 4, 6, 11, 13, 15, 17, 34, 37, 39, 42]
34 3 [4, 15, 30]
37 3 [0, 17, 30]
39 3 [6, 11, 30]
42 3 [3, 13, 30]

Subgraph of neighborhood of vertex 31
v degree neighbors
1 3 [14, 31, 39]
2 3 [17, 31, 35]
3 3 [13, 31, 41]
7 3 [12, 31, 36]
12 3 [7, 31, 36]
13 3 [3, 31, 41]
14 3 [1, 31, 39]
17 3 [2, 31, 35]
31 12 [1, 2, 3, 7, 12, 13, 14, 17, 35, 36, 39, 41]
35 3 [2, 17, 31]
36 3 [7, 12, 31]
39 3 [1, 14, 31]
41 3 [3, 13, 31]

Subgraph of neighborhood of vertex 32
v degree neighbors
0 3 [16, 32, 36]
2 3 [16, 32, 34]
4 5 [12, 14, 32, 34, 40]
5 3 [13, 32, 38]
6 3 [12, 32, 36]
12 5 [4, 6, 32, 36, 40]
13 3 [5, 32, 38]
14 3 [4, 32, 34]
16 5 [0, 2, 32, 34, 36]
32 13 [0, 2, 4, 5, 6, 12, 13, 14, 16, 34, 36, 38, 40]
34 5 [2, 4, 14, 16, 32]
36 5 [0, 6, 12, 16, 32]
38 3 [5, 13, 32]
40 3 [4, 12, 32]

Subgraph of neighborhood of vertex 33
v degree neighbors
3 3 [16, 29, 33]
5 5 [20, 21, 27, 28, 33]
6 3 [21, 25, 33]
9 5 [14, 17, 25, 28, 33]
14 3 [9, 28, 33]
16 3 [3, 29, 33]
17 3 [9, 25, 33]
20 3 [5, 28, 33]
21 5 [5, 6, 25, 27, 33]
25 5 [6, 9, 17, 21, 33]
27 3 [5, 21, 33]
28 5 [5, 9, 14, 20, 33]
29 3 [3, 16, 33]
33 13 [3, 5, 6, 9, 14, 16, 17, 20, 21, 25, 27, 28, 29]

Subgraph of neighborhood of vertex 34
v degree neighbors
2 3 [16, 32, 34]
4 5 [14, 15, 30, 32, 34]
7 3 [19, 25, 34]
8 5 [15, 16, 26, 27, 34]
14 3 [4, 32, 34]
15 5 [4, 8, 27, 30, 34]
16 5 [2, 8, 26, 32, 34]
19 3 [7, 25, 34]
25 3 [7, 19, 34]
26 3 [8, 16, 34]
27 3 [8, 15, 34]
30 3 [4, 15, 34]
32 5 [2, 4, 14, 16, 34]
34 13 [2, 4, 7, 8, 14, 15, 16, 19, 25, 26, 27, 30, 32]

Subgraph of neighborhood of vertex 35
v degree neighbors
2 3 [17, 31, 35]
4 3 [15, 29, 35]
5 3 [19, 28, 35]
6 3 [18, 26, 35]
15 3 [4, 29, 35]
17 3 [2, 31, 35]
18 3 [6, 26, 35]
19 3 [5, 28, 35]
26 3 [6, 18, 35]
28 3 [5, 19, 35]
29 3 [4, 15, 35]
31 3 [2, 17, 35]
35 12 [2, 4, 5, 6, 15, 17, 18, 19, 26, 28, 29, 31]

Subgraph of neighborhood of vertex 36
v degree neighbors
0 3 [16, 32, 36]
6 3 [12, 32, 36]
7 5 [12, 20, 22, 31, 36]
9 3 [15, 24, 36]
10 3 [16, 22, 36]
12 5 [6, 7, 31, 32, 36]
15 3 [9, 24, 36]
16 5 [0, 10, 22, 32, 36]
20 3 [7, 22, 36]
22 5 [7, 10, 16, 20, 36]
24 3 [9, 15, 36]
31 3 [7, 12, 36]
32 5 [0, 6, 12, 16, 36]
36 13 [0, 6, 7, 9, 10, 12, 15, 16, 20, 22, 24, 31, 32]

Subgraph of neighborhood of vertex 37
v degree neighbors
0 3 [17, 30, 37]
5 3 [21, 24, 37]
7 3 [12, 29, 37]
10 3 [14, 23, 37]
12 3 [7, 29, 37]
14 3 [10, 23, 37]
17 3 [0, 30, 37]
21 3 [5, 24, 37]
23 3 [10, 14, 37]
24 3 [5, 21, 37]
29 3 [7, 12, 37]
30 3 [0, 17, 37]
37 12 [0, 5, 7, 10, 12, 14, 17, 21, 23, 24, 29, 30]

Subgraph of neighborhood of vertex 38
v degree neighbors
1 3 [15, 29, 38]
5 3 [13, 32, 38]
7 5 [11, 18, 22, 29, 38]
8 5 [15, 17, 22, 23, 38]
11 3 [7, 29, 38]
13 3 [5, 32, 38]
15 5 [1, 8, 23, 29, 38]
17 3 [8, 22, 38]
18 3 [7, 22, 38]
22 5 [7, 8, 17, 18, 38]
23 3 [8, 15, 38]
29 5 [1, 7, 11, 15, 38]
32 3 [5, 13, 38]
38 13 [1, 5, 7, 8, 11, 13, 15, 17, 18, 22, 23, 29, 32]

Subgraph of neighborhood of vertex 39
v degree neighbors
1 3 [14, 31, 39]
5 3 [19, 24, 39]
6 3 [11, 30, 39]
8 3 [16, 22, 39]
11 3 [6, 30, 39]
14 3 [1, 31, 39]
16 3 [8, 22, 39]
19 3 [5, 24, 39]
22 3 [8, 16, 39]
24 3 [5, 19, 39]
30 3 [6, 11, 39]
31 3 [1, 14, 39]
39 12 [1, 5, 6, 8, 11, 14, 16, 19, 22, 24, 30, 31]

Subgraph of neighborhood of vertex 40
v degree neighbors
1 3 [20, 26, 40]
3 3 [19, 24, 40]
4 3 [12, 32, 40]
10 3 [11, 27, 40]
11 3 [10, 27, 40]
12 3 [4, 32, 40]
19 3 [3, 24, 40]
20 3 [1, 26, 40]
24 3 [3, 19, 40]
26 3 [1, 20, 40]
27 3 [10, 11, 40]
32 3 [4, 12, 40]
40 12 [1, 3, 4, 10, 11, 12, 19, 20, 24, 26, 27, 32]

Subgraph of neighborhood of vertex 41
v degree neighbors
0 3 [19, 28, 41]
3 5 [13, 19, 23, 31, 41]
4 3 [21, 22, 41]
9 5 [11, 13, 26, 28, 41]
11 3 [9, 28, 41]
13 5 [3, 9, 26, 31, 41]
19 5 [0, 3, 23, 28, 41]
21 3 [4, 22, 41]
22 3 [4, 21, 41]
23 3 [3, 19, 41]
26 3 [9, 13, 41]
28 5 [0, 9, 11, 19, 41]
31 3 [3, 13, 41]
41 13 [0, 3, 4, 9, 11, 13, 19, 21, 22, 23, 26, 28, 31]

Subgraph of neighborhood of vertex 42
v degree neighbors
1 3 [21, 25, 42]
2 3 [21, 24, 42]
3 5 [13, 18, 24, 30, 42]
8 3 [12, 28, 42]
10 3 [13, 25, 42]
12 3 [8, 28, 42]
13 5 [3, 10, 25, 30, 42]
18 3 [3, 24, 42]
21 5 [1, 2, 24, 25, 42]
24 5 [2, 3, 18, 21, 42]
25 5 [1, 10, 13, 21, 42]
28 3 [8, 12, 42]
30 3 [3, 13, 42]
42 13 [1, 2, 3, 8, 10, 12, 13, 18, 21, 24, 25, 28, 30]

Subgraph of neighborhood of vertex 43
v degree neighbors
0 3 [18, 27, 43]
2 3 [20, 23, 43]
4 3 [12, 29, 43]
9 3 [13, 25, 43]
12 3 [4, 29, 43]
13 3 [9, 25, 43]
18 3 [0, 27, 43]
20 3 [2, 23, 43]
23 3 [2, 20, 43]
25 3 [9, 13, 43]
27 3 [0, 18, 43]
29 3 [4, 12, 43]
43 12 [0, 2, 4, 9, 12, 13, 18, 20, 23, 25, 27, 29]

